Samples,Power
10950000.000000,-126
10952000.000000,-139
10954000.000000,59
10956000.000000,136
10958000.000000,83
10960000.000000,-147
10962000.000000,-96
10964000.000000,-6
10966000.000000,96
10968000.000000,43
10970000.000000,-21
10972000.000000,-12
10974000.000000,-18
10976000.000000,38
10978000.000000,-34
10980000.000000,-26
10982000.000000,-2
10984000.000000,123
10986000.000000,41
10988000.000000,-114
10990000.000000,-103
10992000.000000,85
10994000.000000,214
10996000.000000,0
10998000.000000,-126
11000000.000000,-131
11002000.000000,54
11004000.000000,98
11006000.000000,77
11008000.000000,-7
11010000.000000,-87
11012000.000000,-13
11014000.000000,18
11016000.000000,38
11018000.000000,-18
11020000.000000,13
11022000.000000,13
11024000.000000,-19
11026000.000000,-38
11028000.000000,-2
11030000.000000,113
11032000.000000,50
11034000.000000,-112
11036000.000000,-154
11038000.000000,57
11040000.000000,123
11042000.000000,71
11044000.000000,-61
11046000.000000,-39
11048000.000000,4
11050000.000000,25
11052000.000000,38
11054000.000000,-83
11056000.000000,-25
11058000.000000,62
11060000.000000,129
11062000.000000,-44
11064000.000000,-108
11066000.000000,-16
11068000.000000,99
11070000.000000,65
11072000.000000,-122
11074000.000000,-67
11076000.000000,14
11078000.000000,136
11080000.000000,2
11082000.000000,-59
11084000.000000,-75
11086000.000000,-18
11088000.000000,57
11090000.000000,28
11092000.000000,6
11094000.000000,-78
11096000.000000,-2
11098000.000000,24
11100000.000000,57
11102000.000000,4
11104000.000000,-47
11106000.000000,-55
11108000.000000,-46
11110000.000000,49
11112000.000000,44
11114000.000000,58
11116000.000000,-64
11118000.000000,-63
11120000.000000,-5
11122000.000000,51
11124000.000000,-7
11126000.000000,-50
11128000.000000,30
11130000.000000,19
11132000.000000,1
11134000.000000,-79
11136000.000000,17
11138000.000000,50
11140000.000000,60
11142000.000000,-17
11144000.000000,-133
11146000.000000,-87
11148000.000000,41
11150000.000000,186
11152000.000000,36
11154000.000000,-138
11156000.000000,-181
11158000.000000,73
11160000.000000,185
11162000.000000,42
11164000.000000,-118
11166000.000000,-138
11168000.000000,18
11170000.000000,82
11172000.000000,104
11174000.000000,-24
11176000.000000,-67
11178000.000000,-41
11180000.000000,37
11182000.000000,9
11184000.000000,-41
11186000.000000,33
11188000.000000,39
11190000.000000,59
11192000.000000,-102
11194000.000000,-59
11196000.000000,8
11198000.000000,59
11200000.000000,3
11202000.000000,-42
11204000.000000,-10
11206000.000000,-45
11208000.000000,16
11210000.000000,45
11212000.000000,57
11214000.000000,-96
11216000.000000,-70
11218000.000000,-24
11220000.000000,-9
11222000.000000,43
11224000.000000,78
11226000.000000,74
11228000.000000,-102
11230000.000000,-86
11232000.000000,-26
11234000.000000,111
11236000.000000,59
11238000.000000,-32
11240000.000000,-85
11242000.000000,-35
11244000.000000,102
11246000.000000,64
11248000.000000,29
11250000.000000,-76
11252000.000000,-31
11254000.000000,17
11256000.000000,44
11258000.000000,0
11260000.000000,-25
11262000.000000,77
11264000.000000,24
11266000.000000,-34
11268000.000000,-116
11270000.000000,8
11272000.000000,96
11274000.000000,77
11276000.000000,-42
11278000.000000,-91
11280000.000000,-13
11282000.000000,52
11284000.000000,78
11286000.000000,-17
11288000.000000,-82
11290000.000000,-101
11292000.000000,89
11294000.000000,123
11296000.000000,22
11298000.000000,-103
11300000.000000,-70
11302000.000000,66
11304000.000000,66
11306000.000000,63
11308000.000000,-105
11310000.000000,-71
11312000.000000,-10
11314000.000000,98
11316000.000000,78
11318000.000000,-1
11320000.000000,-51
11322000.000000,-47
11324000.000000,77
11326000.000000,30
11328000.000000,-25
11330000.000000,-93
11332000.000000,42
11334000.000000,65
11336000.000000,20
11338000.000000,-13
11340000.000000,-70
11342000.000000,17
11344000.000000,39
11346000.000000,68
11348000.000000,-88
11350000.000000,-66
11352000.000000,4
11354000.000000,118
11356000.000000,74
11358000.000000,-106
11360000.000000,-100
11362000.000000,-39
11364000.000000,112
11366000.000000,39
11368000.000000,-2
11370000.000000,-26
11372000.000000,-22
11374000.000000,5
11376000.000000,-3
11378000.000000,40
11380000.000000,-37
11382000.000000,-34
11384000.000000,-38
11386000.000000,26
11388000.000000,41
11390000.000000,55
11392000.000000,32
11394000.000000,-25
11396000.000000,-83
11398000.000000,-101
11400000.000000,46
11402000.000000,62
11404000.000000,47
11406000.000000,-29
11408000.000000,-16
11410000.000000,-77
11412000.000000,-52
11414000.000000,79
11416000.000000,70
11418000.000000,-3
11420000.000000,-96
11422000.000000,-28
11424000.000000,-10
11426000.000000,80
11428000.000000,61
11430000.000000,-1
11432000.000000,-106
11434000.000000,-102
11436000.000000,55
11438000.000000,127
11440000.000000,83
11442000.000000,-113
11444000.000000,-63
11446000.000000,-9
11448000.000000,31
11450000.000000,8
11452000.000000,9
11454000.000000,-21
11456000.000000,-58
11458000.000000,30
11460000.000000,27
11462000.000000,14
11464000.000000,-61
11466000.000000,15
11468000.000000,27
11470000.000000,19
11472000.000000,-44
11474000.000000,-95
11476000.000000,34
11478000.000000,41
11480000.000000,60
11482000.000000,-60
11484000.000000,-50
11486000.000000,-43
11488000.000000,78
11490000.000000,118
11492000.000000,-60
11494000.000000,-139
11496000.000000,-41
11498000.000000,149
11500000.000000,66
11502000.000000,-20
11504000.000000,-62
11506000.000000,-20
11508000.000000,33
11510000.000000,27
11512000.000000,36
11514000.000000,-61
11516000.000000,2
11518000.000000,34
11520000.000000,64
11522000.000000,-38
11524000.000000,-70
11526000.000000,-19
11528000.000000,28
11530000.000000,16
11532000.000000,-44
11534000.000000,24
11536000.000000,27
11538000.000000,38
11540000.000000,-41
11542000.000000,-53
11544000.000000,-81
11546000.000000,-17
11548000.000000,85
11550000.000000,28
11552000.000000,-36
11554000.000000,-85
11556000.000000,59
11558000.000000,55
11560000.000000,21
11562000.000000,-86
11564000.000000,-48
11566000.000000,-11
11568000.000000,18
11570000.000000,103
11572000.000000,74
11574000.000000,-32
11576000.000000,-153
11578000.000000,1
11580000.000000,87
11582000.000000,73
11584000.000000,-18
11586000.000000,-24
11588000.000000,2
11590000.000000,-17
11592000.000000,65
11594000.000000,2
11596000.000000,-18
11598000.000000,-64
11600000.000000,21
11602000.000000,21
11604000.000000,14
11606000.000000,21
11608000.000000,32
11610000.000000,24
11612000.000000,-99
11614000.000000,-38
11616000.000000,-27
11618000.000000,65
11620000.000000,31
11622000.000000,18
11624000.000000,21
11626000.000000,-73
11628000.000000,-53
11630000.000000,8
11632000.000000,121
11634000.000000,20
11636000.000000,-42
11638000.000000,-66
11640000.000000,-22
11642000.000000,20
11644000.000000,88
11646000.000000,106
11648000.000000,-49
11650000.000000,-100
11652000.000000,-45
11654000.000000,114
11656000.000000,69
11658000.000000,6
11660000.000000,-72
11662000.000000,-40
11664000.000000,38
11666000.000000,17
11668000.000000,60
11670000.000000,-26
11672000.000000,-6
11674000.000000,-28
11676000.000000,33
11678000.000000,-8
11680000.000000,-2
11682000.000000,54
11684000.000000,43
11686000.000000,-21
11688000.000000,-121
11690000.000000,-14
11692000.000000,58
11694000.000000,98
11696000.000000,-24
11698000.000000,-46
11700000.000000,-27
11702000.000000,39
11704000.000000,67
11706000.000000,1
11708000.000000,-26
11710000.000000,-115
11712000.000000,-1
11714000.000000,70
11716000.000000,104
11718000.000000,-36
11720000.000000,-57
11722000.000000,-6
11724000.000000,3
11726000.000000,14
11728000.000000,-54
11730000.000000,18
11732000.000000,-28
11734000.000000,34
11736000.000000,39
11738000.000000,-9
11740000.000000,-50
11742000.000000,-70
11744000.000000,40
11746000.000000,38
11748000.000000,22
11750000.000000,-70
11752000.000000,8
11754000.000000,18
11756000.000000,49
11758000.000000,-11
11760000.000000,-87
11762000.000000,-44
11764000.000000,19
11766000.000000,133
11768000.000000,8
11770000.000000,-81
11772000.000000,-103
11774000.000000,48
11776000.000000,94
11778000.000000,7
11780000.000000,-106
11782000.000000,-104
11784000.000000,76
11786000.000000,72
11788000.000000,33
11790000.000000,-69
11792000.000000,-42
11794000.000000,-40
11796000.000000,26
11798000.000000,49
11800000.000000,-33
11802000.000000,-28
11804000.000000,-21
11806000.000000,20
11808000.000000,-57
11810000.000000,0
11812000.000000,41
11814000.000000,52
11816000.000000,-39
11818000.000000,-96
11820000.000000,-21
11822000.000000,52
11824000.000000,71
11826000.000000,-11
11828000.000000,-5
11830000.000000,-62
11832000.000000,-3
11834000.000000,20
11836000.000000,46
11838000.000000,24
11840000.000000,-20
11842000.000000,1
11844000.000000,-75
11846000.000000,1
11848000.000000,79
11850000.000000,136
11852000.000000,-39
11854000.000000,-177
11856000.000000,-83
11858000.000000,99
11860000.000000,156
11862000.000000,-24
11864000.000000,-77
11866000.000000,-49
11868000.000000,48
11870000.000000,6
11872000.000000,-48
11874000.000000,-41
11876000.000000,-3
11878000.000000,98
11880000.000000,16
11882000.000000,-49
11884000.000000,-74
11886000.000000,79
11888000.000000,65
11890000.000000,-22
11892000.000000,-99
11894000.000000,-55
11896000.000000,67
11898000.000000,124
11900000.000000,108
11902000.000000,-89
11904000.000000,-91
11906000.000000,-39
11908000.000000,81
11910000.000000,91
11912000.000000,49
11914000.000000,-28
11916000.000000,-77
11918000.000000,16
11920000.000000,47
11922000.000000,74
11924000.000000,-26
11926000.000000,-57
11928000.000000,-74
11930000.000000,62
11932000.000000,141
11934000.000000,31
11936000.000000,-74
11938000.000000,-88
11940000.000000,48
11942000.000000,41
11944000.000000,-18
11946000.000000,-89
11948000.000000,39
11950000.000000,119
11952000.000000,28
11954000.000000,-82
11956000.000000,-114
11958000.000000,41
11960000.000000,87
11962000.000000,73
11964000.000000,-125
11966000.000000,-85
11968000.000000,56
11970000.000000,150
11972000.000000,4
11974000.000000,-156
11976000.000000,-29
11978000.000000,69
11980000.000000,138
11982000.000000,-35
11984000.000000,-107
11986000.000000,-57
11988000.000000,63
11990000.000000,106
11992000.000000,-32
11994000.000000,-50
11996000.000000,-43
11998000.000000,62
12000000.000000,20
12002000.000000,-8
12004000.000000,-50
12006000.000000,18
12008000.000000,39
12010000.000000,-19
12012000.000000,-23
12014000.000000,-42
12016000.000000,53
12018000.000000,10
12020000.000000,6
12022000.000000,-59
12024000.000000,-5
12026000.000000,47
12028000.000000,25
12030000.000000,13
12032000.000000,-14
12034000.000000,17
12036000.000000,-89
12038000.000000,-49
12040000.000000,-18
12042000.000000,90
12044000.000000,98
12046000.000000,-2
12048000.000000,-125
12050000.000000,-104
12052000.000000,75
12054000.000000,104
12056000.000000,8
12058000.000000,-156
12060000.000000,-92
12062000.000000,56
12064000.000000,157
12066000.000000,30
12068000.000000,-105
12070000.000000,-77
12072000.000000,-46
12074000.000000,32
12076000.000000,52
12078000.000000,78
12080000.000000,-52
12082000.000000,-17
12084000.000000,10
12086000.000000,-38
12088000.000000,-44
12090000.000000,-3
12092000.000000,111
12094000.000000,9
12096000.000000,-22
12098000.000000,-47
12100000.000000,36
12102000.000000,20
12104000.000000,13
12106000.000000,-2
12108000.000000,-62
12110000.000000,-57
12112000.000000,-10
12114000.000000,145
12116000.000000,64
12118000.000000,-12
12120000.000000,-117
12122000.000000,-59
12124000.000000,21
12126000.000000,70
12128000.000000,70
12130000.000000,-99
12132000.000000,-74
12134000.000000,-13
12136000.000000,120
12138000.000000,0
12140000.000000,-94
12142000.000000,-26
12144000.000000,90
12146000.000000,69
12148000.000000,-131
12150000.000000,-79
12152000.000000,40
12154000.000000,154
12156000.000000,-5
12158000.000000,-98
12160000.000000,-103
12162000.000000,6
12164000.000000,165
12166000.000000,113
12168000.000000,-66
12170000.000000,-205
12172000.000000,18
12174000.000000,149
12176000.000000,104
12178000.000000,-104
12180000.000000,-107
12182000.000000,4
12184000.000000,78
12186000.000000,54
12188000.000000,-64
12190000.000000,-14
12192000.000000,0
12194000.000000,52
12196000.000000,-8
12198000.000000,-35
12200000.000000,-57
12202000.000000,10
12204000.000000,40
12206000.000000,-56
12208000.000000,-13
12210000.000000,76
12212000.000000,115
12214000.000000,-94
12216000.000000,-139
12218000.000000,-19
12220000.000000,102
12222000.000000,63
12224000.000000,-57
12226000.000000,-12
12228000.000000,9
12230000.000000,58
12232000.000000,-16
12234000.000000,2
12236000.000000,-25
12238000.000000,0
12240000.000000,59
12242000.000000,17
12244000.000000,-24
12246000.000000,3
12248000.000000,109
12250000.000000,-8
12252000.000000,-102
12254000.000000,-91
12256000.000000,87
12258000.000000,104
12260000.000000,29
12262000.000000,-31
12264000.000000,-69
12266000.000000,-7
12268000.000000,-8
12270000.000000,64
12272000.000000,-22
12274000.000000,-44
12276000.000000,-37
12278000.000000,40
12280000.000000,66
12282000.000000,-30
12284000.000000,-4
12286000.000000,-8
12288000.000000,2
12290000.000000,-74
12292000.000000,3
12294000.000000,52
12296000.000000,52
12298000.000000,20
12300000.000000,-32
12302000.000000,-28
12304000.000000,-71
12306000.000000,22
12308000.000000,86
12310000.000000,101
12312000.000000,-36
12314000.000000,-121
12316000.000000,-70
12318000.000000,74
12320000.000000,145
12322000.000000,26
12324000.000000,-77
12326000.000000,-181
12328000.000000,11
12330000.000000,162
12332000.000000,132
12334000.000000,-90
12336000.000000,-154
12338000.000000,10
12340000.000000,92
12342000.000000,59
12344000.000000,-68
12346000.000000,-26
12348000.000000,-2
12350000.000000,22
12352000.000000,-16
12354000.000000,-18
12356000.000000,51
12358000.000000,34
12360000.000000,32
12362000.000000,-69
12364000.000000,-72
12366000.000000,-67
12368000.000000,93
12370000.000000,98
12372000.000000,1
12374000.000000,-97
12376000.000000,-50
12378000.000000,72
12380000.000000,6
12382000.000000,-21
12384000.000000,-66
12386000.000000,10
12388000.000000,-5
12390000.000000,24
12392000.000000,13
12394000.000000,-25
12396000.000000,-8
12398000.000000,-31
12400000.000000,-13
12402000.000000,-67
12404000.000000,54
12406000.000000,58
12408000.000000,38
12410000.000000,-46
12412000.000000,-61
12414000.000000,19
12416000.000000,1
12418000.000000,1
12420000.000000,-36
12422000.000000,36
12424000.000000,51
12426000.000000,35
12428000.000000,-6
12430000.000000,-14
12432000.000000,-24
12434000.000000,-31
12436000.000000,19
12438000.000000,-5
12440000.000000,39
12442000.000000,-5
12444000.000000,78
12446000.000000,3
12448000.000000,-102
12450000.000000,-78
12452000.000000,82
12454000.000000,135
12456000.000000,-64
12458000.000000,-110
12460000.000000,-65
12462000.000000,99
12464000.000000,76
12466000.000000,3
12468000.000000,-124
12470000.000000,-123
12472000.000000,42
12474000.000000,135
12476000.000000,93
12478000.000000,-115
12480000.000000,-109
12482000.000000,-25
12484000.000000,107
12486000.000000,35
12488000.000000,-19
12490000.000000,-34
12492000.000000,-25
12494000.000000,23
12496000.000000,9
12498000.000000,61
12500000.000000,-34
12502000.000000,7
12504000.000000,11
12506000.000000,14
12508000.000000,-52
12510000.000000,-32
12512000.000000,90
12514000.000000,54
12516000.000000,1
12518000.000000,-113
12520000.000000,-17
12522000.000000,35
12524000.000000,117
12526000.000000,56
12528000.000000,-81
12530000.000000,-142
12532000.000000,-57
12534000.000000,130
12536000.000000,117
12538000.000000,25
12540000.000000,-99
12542000.000000,-33
12544000.000000,-29
12546000.000000,25
12548000.000000,43
12550000.000000,1
12552000.000000,-2
12554000.000000,-22
12556000.000000,61
12558000.000000,-17
12560000.000000,-26
12562000.000000,-6
12564000.000000,56
12566000.000000,23
12568000.000000,-69
12570000.000000,-37
12572000.000000,58
12574000.000000,148
12576000.000000,3
12578000.000000,-79
12580000.000000,-127
12582000.000000,-23
12584000.000000,81
12586000.000000,120
12588000.000000,56
12590000.000000,-107
12592000.000000,-74
12594000.000000,-12
12596000.000000,92
12598000.000000,1
12600000.000000,-50
12602000.000000,-90
12604000.000000,16
12606000.000000,87
12608000.000000,39
12610000.000000,12
12612000.000000,-90
12614000.000000,-45
12616000.000000,-27
12618000.000000,53
12620000.000000,-8
12622000.000000,20
12624000.000000,43
12626000.000000,-7
12628000.000000,-36
12630000.000000,-50
12632000.000000,75
12634000.000000,-17
12636000.000000,-36
12638000.000000,-9
12640000.000000,59
12642000.000000,33
12644000.000000,-49
12646000.000000,-32
12648000.000000,2
12650000.000000,42
12652000.000000,-52
12654000.000000,-29
12656000.000000,14
12658000.000000,79
12660000.000000,26
12662000.000000,-48
12664000.000000,-71
12666000.000000,-51
12668000.000000,85
12670000.000000,103
12672000.000000,-30
12674000.000000,-169
12676000.000000,-26
12678000.000000,119
12680000.000000,108
12682000.000000,-51
12684000.000000,-102
12686000.000000,-13
12688000.000000,41
12690000.000000,61
12692000.000000,-36
12694000.000000,-31
12696000.000000,-52
12698000.000000,30
12700000.000000,52
12702000.000000,-19
12704000.000000,-30
12706000.000000,18
12708000.000000,70
12710000.000000,-93
12712000.000000,-133
12714000.000000,-21
12716000.000000,146
12718000.000000,82
12720000.000000,-57
12722000.000000,-92
12724000.000000,-67
12726000.000000,17
12728000.000000,1
12730000.000000,98
12732000.000000,24
12734000.000000,-94
12736000.000000,-145
12738000.000000,53
12740000.000000,153
12742000.000000,32
12744000.000000,-55
12746000.000000,-140
12748000.000000,-54
12750000.000000,36
12752000.000000,208
12754000.000000,89
12756000.000000,-130
12758000.000000,-138
12760000.000000,21
12762000.000000,101
12764000.000000,-41
12766000.000000,-27
12768000.000000,38
12770000.000000,109
12772000.000000,-27
12774000.000000,-77
12776000.000000,-17
12778000.000000,35
12780000.000000,47
12782000.000000,-12
12784000.000000,-61
12786000.000000,-114
12788000.000000,53
12790000.000000,162
12792000.000000,74
12794000.000000,-194
12796000.000000,-170
12798000.000000,63
12800000.000000,117
12802000.000000,59
12804000.000000,-70
12806000.000000,-7
12808000.000000,-50
12810000.000000,-17
12812000.000000,21
12814000.000000,47
12816000.000000,2
12818000.000000,-41
12820000.000000,16
12822000.000000,-2
12824000.000000,4
12826000.000000,29
12828000.000000,104
12830000.000000,-37
12832000.000000,-115
12834000.000000,-10
12836000.000000,99
12838000.000000,64
12840000.000000,-52
12842000.000000,24
12844000.000000,11
12846000.000000,11
12848000.000000,-43
12850000.000000,51
12852000.000000,59
12854000.000000,-30
12856000.000000,-60
12858000.000000,-37
12860000.000000,35
12862000.000000,7
12864000.000000,86
12866000.000000,20
12868000.000000,-81
12870000.000000,-114
12872000.000000,93
12874000.000000,146
12876000.000000,-51
12878000.000000,-135
12880000.000000,-55
12882000.000000,134
12884000.000000,78
12886000.000000,25
12888000.000000,-102
12890000.000000,-69
12892000.000000,-14
12894000.000000,84
12896000.000000,104
12898000.000000,-37
12900000.000000,-30
12902000.000000,-6
12904000.000000,51
12906000.000000,-74
12908000.000000,-22
12910000.000000,64
12912000.000000,30
12914000.000000,-48
12916000.000000,-27
12918000.000000,104
12920000.000000,-6
12922000.000000,-28
12924000.000000,-16
12926000.000000,-2
12928000.000000,-92
12930000.000000,-50
12932000.000000,80
12934000.000000,111
12936000.000000,58
12938000.000000,-80
12940000.000000,-87
12942000.000000,-106
12944000.000000,61
12946000.000000,129
12948000.000000,83
12950000.000000,-107
12952000.000000,-159
12954000.000000,44
12956000.000000,148
12958000.000000,69
12960000.000000,-118
12962000.000000,-74
12964000.000000,-10
12966000.000000,74
12968000.000000,35
12970000.000000,17
12972000.000000,-4
12974000.000000,-32
12976000.000000,-23
12978000.000000,-82
12980000.000000,-11
12982000.000000,32
12984000.000000,168
12986000.000000,55
12988000.000000,-162
12990000.000000,-174
12992000.000000,60
12994000.000000,219
12996000.000000,7
12998000.000000,-125
13000000.000000,-132
13002000.000000,36
13004000.000000,65
13006000.000000,82
13008000.000000,-7
13010000.000000,-84
13012000.000000,-41
13014000.000000,-8
13016000.000000,59
13018000.000000,-10
13020000.000000,23
13022000.000000,-6
13024000.000000,-22
13026000.000000,-98
13028000.000000,-13
13030000.000000,163
13032000.000000,99
13034000.000000,-90
13036000.000000,-178
13038000.000000,9
13040000.000000,73
13042000.000000,38
13044000.000000,-37
13046000.000000,-27
13048000.000000,-15
13050000.000000,6
13052000.000000,32
13054000.000000,-68
13056000.000000,-34
13058000.000000,25
13060000.000000,101
13062000.000000,-41
13064000.000000,-118
13066000.000000,10
13068000.000000,130
13070000.000000,70
13072000.000000,-166
13074000.000000,-114
13076000.000000,25
13078000.000000,154
13080000.000000,65
13082000.000000,-11
13084000.000000,-65
13086000.000000,-63
13088000.000000,20
13090000.000000,56
13092000.000000,36
13094000.000000,-76
13096000.000000,-24
13098000.000000,35
13100000.000000,108
13102000.000000,37
13104000.000000,-35
13106000.000000,-83
13108000.000000,-72
13110000.000000,8
13112000.000000,71
13114000.000000,114
13116000.000000,-61
13118000.000000,-55
13120000.000000,-22
13122000.000000,24
13124000.000000,-43
13126000.000000,-66
13128000.000000,81
13130000.000000,58
13132000.000000,-11
13134000.000000,-125
13136000.000000,-13
13138000.000000,71
13140000.000000,98
13142000.000000,-32
13144000.000000,-148
13146000.000000,-93
13148000.000000,77
13150000.000000,260
13152000.000000,74
13154000.000000,-168
13156000.000000,-217
13158000.000000,56
13160000.000000,193
13162000.000000,69
13164000.000000,-72
13166000.000000,-86
13168000.000000,33
13170000.000000,32
13172000.000000,68
13174000.000000,-11
13176000.000000,-8
13178000.000000,4
13180000.000000,17
13182000.000000,-15
13184000.000000,-61
13186000.000000,49
13188000.000000,89
13190000.000000,42
13192000.000000,-121
13194000.000000,-77
13196000.000000,31
13198000.000000,114
13200000.000000,42
13202000.000000,-46
13204000.000000,-38
13206000.000000,-94
13208000.000000,3
13210000.000000,76
13212000.000000,123
13214000.000000,-37
13216000.000000,-70
13218000.000000,-67
13220000.000000,-18
13222000.000000,28
13224000.000000,89
13226000.000000,88
13228000.000000,-107
13230000.000000,-91
13232000.000000,-38
13234000.000000,116
13236000.000000,74
13238000.000000,-42
13240000.000000,-111
13242000.000000,-63
13244000.000000,77
13246000.000000,83
13248000.000000,90
13250000.000000,-66
13252000.000000,-89
13254000.000000,-75
13256000.000000,17
13258000.000000,20
13260000.000000,22
13262000.000000,86
13264000.000000,15
13266000.000000,-40
13268000.000000,-121
13270000.000000,2
13272000.000000,69
13274000.000000,60
13276000.000000,-31
13278000.000000,-79
13280000.000000,-10
13282000.000000,35
13284000.000000,117
13286000.000000,11
13288000.000000,-107
13290000.000000,-159
13292000.000000,60
13294000.000000,168
13296000.000000,70
13298000.000000,-89
13300000.000000,-118
13302000.000000,-4
13304000.000000,30
13306000.000000,70
13308000.000000,-46
13310000.000000,-63
13312000.000000,-36
13314000.000000,80
13316000.000000,85
13318000.000000,-14
13320000.000000,-68
13322000.000000,-85
13324000.000000,59
13326000.000000,25
13328000.000000,-27
13330000.000000,-57
13332000.000000,66
13334000.000000,76
13336000.000000,-10
13338000.000000,-67
13340000.000000,-107
13342000.000000,25
13344000.000000,109
13346000.000000,115
13348000.000000,-110
13350000.000000,-138
13352000.000000,-5
13354000.000000,162
13356000.000000,105
13358000.000000,-71
13360000.000000,-111
13362000.000000,-48
13364000.000000,114
13366000.000000,44
13368000.000000,25
13370000.000000,-60
13372000.000000,-47
13374000.000000,-14
13376000.000000,11
13378000.000000,62
13380000.000000,1
13382000.000000,15
13384000.000000,-61
13386000.000000,-43
13388000.000000,-31
13390000.000000,74
13392000.000000,90
13394000.000000,6
13396000.000000,-104
13398000.000000,-128
13400000.000000,32
13402000.000000,60
13404000.000000,85
13406000.000000,4
13408000.000000,-3
13410000.000000,-92
13412000.000000,-50
13414000.000000,109
13416000.000000,83
13418000.000000,4
13420000.000000,-130
13422000.000000,-47
13424000.000000,-10
13426000.000000,122
13428000.000000,142
13430000.000000,18
13432000.000000,-128
13434000.000000,-150
13436000.000000,26
13438000.000000,111
13440000.000000,85
13442000.000000,-39
13444000.000000,-30
13446000.000000,-37
13448000.000000,-18
13450000.000000,5
13452000.000000,46
13454000.000000,5
13456000.000000,-82
13458000.000000,3
13460000.000000,26
13462000.000000,27
13464000.000000,-34
13466000.000000,22
13468000.000000,-12
13470000.000000,-38
13472000.000000,-38
13474000.000000,-20
13476000.000000,66
13478000.000000,69
13480000.000000,73
13482000.000000,-74
13484000.000000,-96
13486000.000000,-81
13488000.000000,92
13490000.000000,171
13492000.000000,-8
13494000.000000,-141
13496000.000000,-64
13498000.000000,162
13500000.000000,92
13502000.000000,4
13504000.000000,-98
13506000.000000,-69
13508000.000000,8
13510000.000000,92
13512000.000000,74
13514000.000000,-82
13516000.000000,-42
13518000.000000,-1
13520000.000000,65
13522000.000000,-23
13524000.000000,-18
13526000.000000,22
13528000.000000,43
13530000.000000,-21
13532000.000000,-85
13534000.000000,7
13536000.000000,34
13538000.000000,63
13540000.000000,-18
13542000.000000,-27
13544000.000000,-76
13546000.000000,-4
13548000.000000,109
13550000.000000,53
13552000.000000,-50
13554000.000000,-139
13556000.000000,40
13558000.000000,88
13560000.000000,80
13562000.000000,-53
13564000.000000,-91
13566000.000000,-58
13568000.000000,-17
13570000.000000,118
13572000.000000,107
13574000.000000,1
13576000.000000,-150
13578000.000000,-31
13580000.000000,45
13582000.000000,19
13584000.000000,-35
13586000.000000,8
13588000.000000,4
13590000.000000,-42
13592000.000000,53
13594000.000000,42
13596000.000000,12
13598000.000000,-74
13600000.000000,-26
13602000.000000,-24
13604000.000000,-15
13606000.000000,40
13608000.000000,71
13610000.000000,72
13612000.000000,-61
13614000.000000,-99
13616000.000000,-75
13618000.000000,73
13620000.000000,68
13622000.000000,66
13624000.000000,13
13626000.000000,-90
13628000.000000,-76
13630000.000000,-3
13632000.000000,111
13634000.000000,-6
13636000.000000,-42
13638000.000000,-74
13640000.000000,-22
13642000.000000,29
13644000.000000,110
13646000.000000,99
13648000.000000,-96
13650000.000000,-155
13652000.000000,-124
13654000.000000,105
13656000.000000,105
13658000.000000,53
13660000.000000,-65
13662000.000000,-72
13664000.000000,-40
13666000.000000,-2
13668000.000000,85
13670000.000000,-8
13672000.000000,-20
13674000.000000,-50
13676000.000000,19
13678000.000000,3
13680000.000000,-12
13682000.000000,45
13684000.000000,33
13686000.000000,-8
13688000.000000,-119
13690000.000000,-10
13692000.000000,85
13694000.000000,138
13696000.000000,-20
13698000.000000,-133
13700000.000000,-86
13702000.000000,27
13704000.000000,110
13706000.000000,60
13708000.000000,-32
13710000.000000,-139
13712000.000000,-24
13714000.000000,66
13716000.000000,92
13718000.000000,-31
13720000.000000,-55
13722000.000000,-15
13724000.000000,-2
13726000.000000,27
13728000.000000,-19
13730000.000000,5
13732000.000000,-42
13734000.000000,38
13736000.000000,29
13738000.000000,20
13740000.000000,-17
13742000.000000,-28
13744000.000000,63
13746000.000000,0
13748000.000000,-39
13750000.000000,-59
13752000.000000,46
13754000.000000,81
13756000.000000,84
13758000.000000,-6
13760000.000000,-101
13762000.000000,-62
13764000.000000,46
13766000.000000,148
13768000.000000,-8
13770000.000000,-69
13772000.000000,-101
13774000.000000,66
13776000.000000,134
13778000.000000,19
13780000.000000,-107
13782000.000000,-143
13784000.000000,56
13786000.000000,90
13788000.000000,106
13790000.000000,-43
13792000.000000,-55
13794000.000000,-60
13796000.000000,-2
13798000.000000,24
13800000.000000,-30
13802000.000000,41
13804000.000000,19
13806000.000000,27
13808000.000000,-59
13810000.000000,-2
13812000.000000,59
13814000.000000,45
13816000.000000,-44
13818000.000000,-105
13820000.000000,-16
13822000.000000,57
13824000.000000,135
13826000.000000,26
13828000.000000,-36
13830000.000000,-105
13832000.000000,-23
13834000.000000,23
13836000.000000,60
13838000.000000,71
13840000.000000,-3
13842000.000000,-26
13844000.000000,-116
13846000.000000,-8
13848000.000000,71
13850000.000000,134
13852000.000000,-11
13854000.000000,-147
13856000.000000,-88
13858000.000000,63
13860000.000000,148
13862000.000000,7
13864000.000000,-80
13866000.000000,-99
13868000.000000,12
13870000.000000,34
13872000.000000,32
13874000.000000,-30
13876000.000000,-6
13878000.000000,46
13880000.000000,-28
13882000.000000,-71
13884000.000000,-64
13886000.000000,128
13888000.000000,79
13890000.000000,-36
13892000.000000,-128
13894000.000000,-93
13896000.000000,60
13898000.000000,122
13900000.000000,96
13902000.000000,-109
13904000.000000,-97
13906000.000000,-58
13908000.000000,62
13910000.000000,66
13912000.000000,17
13914000.000000,-49
13916000.000000,-136
13918000.000000,8
13920000.000000,101
13922000.000000,134
13924000.000000,-32
13926000.000000,-127
13928000.000000,-125
13930000.000000,56
13932000.000000,144
13934000.000000,47
13936000.000000,-60
13938000.000000,-69
13940000.000000,69
13942000.000000,17
13944000.000000,-39
13946000.000000,-79
13948000.000000,40
13950000.000000,102
13952000.000000,23
13954000.000000,-79
13956000.000000,-93
13958000.000000,53
13960000.000000,72
13962000.000000,26
13964000.000000,-142
13966000.000000,-94
13968000.000000,85
13970000.000000,190
13972000.000000,29
13974000.000000,-179
13976000.000000,-106
13978000.000000,31
13980000.000000,130
13982000.000000,-23
13984000.000000,-85
13986000.000000,-63
13988000.000000,82
13990000.000000,93
13992000.000000,-40
13994000.000000,-64
13996000.000000,-54
13998000.000000,46
14000000.000000,16
14002000.000000,10
14004000.000000,-9
14006000.000000,48
14008000.000000,34
14010000.000000,-25
14012000.000000,-57
14014000.000000,-24
14016000.000000,73
14018000.000000,38
14020000.000000,49
14022000.000000,-62
14024000.000000,-39
14026000.000000,-2
14028000.000000,13
14030000.000000,56
14032000.000000,-3
14034000.000000,12
14036000.000000,-82
14038000.000000,-16
14040000.000000,4
14042000.000000,84
14044000.000000,59
14046000.000000,-44
14048000.000000,-119
14050000.000000,-93
14052000.000000,109
14054000.000000,129
14056000.000000,39
14058000.000000,-162
14060000.000000,-121
14062000.000000,37
14064000.000000,167
14066000.000000,82
14068000.000000,-51
14070000.000000,-67
14072000.000000,-72
14074000.000000,17
14076000.000000,51
14078000.000000,95
14080000.000000,-26
14082000.000000,-32
14084000.000000,19
14086000.000000,3
14088000.000000,-12
14090000.000000,4
14092000.000000,78
14094000.000000,-35
14096000.000000,-61
14098000.000000,-24
14100000.000000,51
14102000.000000,44
14104000.000000,31
14106000.000000,-6
14108000.000000,-85
14110000.000000,-79
14112000.000000,-20
14114000.000000,138
14116000.000000,96
14118000.000000,-6
14120000.000000,-136
14122000.000000,-74
14124000.000000,20
14126000.000000,75
14128000.000000,57
14130000.000000,-81
14132000.000000,-47
14134000.000000,0
14136000.000000,138
14138000.000000,22
14140000.000000,-81
14142000.000000,-80
14144000.000000,40
14146000.000000,72
14148000.000000,-69
14150000.000000,-47
14152000.000000,66
14154000.000000,176
14156000.000000,-5
14158000.000000,-123
14160000.000000,-150
14162000.000000,5
14164000.000000,196
14166000.000000,126
14168000.000000,-77
14170000.000000,-230
14172000.000000,12
14174000.000000,166
14176000.000000,99
14178000.000000,-133
14180000.000000,-123
14182000.000000,29
14184000.000000,114
14186000.000000,71
14188000.000000,-76
14190000.000000,-40
14192000.000000,-44
14194000.000000,38
14196000.000000,-12
14198000.000000,12
14200000.000000,15
14202000.000000,-3
14204000.000000,32
14206000.000000,-62
14208000.000000,-11
14210000.000000,38
14212000.000000,88
14214000.000000,-65
14216000.000000,-116
14218000.000000,10
14220000.000000,101
14222000.000000,57
14224000.000000,-79
14226000.000000,-54
14228000.000000,-8
14230000.000000,56
14232000.000000,25
14234000.000000,6
14236000.000000,-47
14238000.000000,-22
14240000.000000,2
14242000.000000,-20
14244000.000000,-25
14246000.000000,12
14248000.000000,116
14250000.000000,6
14252000.000000,-103
14254000.000000,-94
14256000.000000,72
14258000.000000,79
14260000.000000,1
14262000.000000,-17
14264000.000000,-47
14266000.000000,28
14268000.000000,12
14270000.000000,68
14272000.000000,-9
14274000.000000,-28
14276000.000000,-55
14278000.000000,9
14280000.000000,77
14282000.000000,42
14284000.000000,29
14286000.000000,-56
14288000.000000,-44
14290000.000000,-91
14292000.000000,17
14294000.000000,57
14296000.000000,48
14298000.000000,18
14300000.000000,1
14302000.000000,-23
14304000.000000,-120
14306000.000000,-10
14308000.000000,28
14310000.000000,89
14312000.000000,-54
14314000.000000,-121
14316000.000000,-42
14318000.000000,78
14320000.000000,146
14322000.000000,-2
14324000.000000,-126
14326000.000000,-200
14328000.000000,14
14330000.000000,192
14332000.000000,173
14334000.000000,-91
14336000.000000,-189
14338000.000000,3
14340000.000000,90
14342000.000000,68
14344000.000000,-44
14346000.000000,-7
14348000.000000,21
14350000.000000,47
14352000.000000,-11
14354000.000000,-29
14356000.000000,6
14358000.000000,26
14360000.000000,20
14362000.000000,-42
14364000.000000,-23
14366000.000000,-25
14368000.000000,110
14370000.000000,75
14372000.000000,-28
14374000.000000,-115
14376000.000000,-40
14378000.000000,72
14380000.000000,11
14382000.000000,22
14384000.000000,-38
14386000.000000,-7
14388000.000000,-29
14390000.000000,27
14392000.000000,23
14394000.000000,-14
14396000.000000,19
14398000.000000,-12
14400000.000000,6
14402000.000000,-56
14404000.000000,21
14406000.000000,31
14408000.000000,31
14410000.000000,-30
14412000.000000,7
14414000.000000,44
14416000.000000,2
14418000.000000,-6
14420000.000000,-35
14422000.000000,27
14424000.000000,-1
14426000.000000,27
14428000.000000,-5
14430000.000000,9
14432000.000000,15
14434000.000000,-22
14436000.000000,-13
14438000.000000,-17
14440000.000000,34
14442000.000000,-6
14444000.000000,69
14446000.000000,-10
14448000.000000,-58
14450000.000000,-38
14452000.000000,57
14454000.000000,87
14456000.000000,-92
14458000.000000,-74
14460000.000000,-25
14462000.000000,116
14464000.000000,115
14466000.000000,22
14468000.000000,-117
14470000.000000,-152
14472000.000000,24
14474000.000000,136
14476000.000000,108
14478000.000000,-84
14480000.000000,-96
14482000.000000,-9
14484000.000000,120
14486000.000000,57
14488000.000000,-54
14490000.000000,-80
14492000.000000,-31
14494000.000000,47
14496000.000000,53
14498000.000000,58
14500000.000000,-46
14502000.000000,-30
14504000.000000,-35
14506000.000000,7
14508000.000000,-31
14510000.000000,-21
14512000.000000,88
14514000.000000,49
14516000.000000,5
14518000.000000,-112
14520000.000000,-58
14522000.000000,-3
14524000.000000,98
14526000.000000,64
14528000.000000,-56
14530000.000000,-122
14532000.000000,-48
14534000.000000,146
14536000.000000,76
14538000.000000,-18
14540000.000000,-128
14542000.000000,-27
14544000.000000,-5
14546000.000000,33
14548000.000000,39
14550000.000000,-14
14552000.000000,-18
14554000.000000,-64
14556000.000000,50
14558000.000000,-22
14560000.000000,8
14562000.000000,-8
14564000.000000,36
14566000.000000,21
14568000.000000,-110
14570000.000000,-62
14572000.000000,14
14574000.000000,135
14576000.000000,47
14578000.000000,-63
14580000.000000,-121
14582000.000000,-30
14584000.000000,72
14586000.000000,102
14588000.000000,14
14590000.000000,-106
14592000.000000,-57
14594000.000000,33
14596000.000000,141
14598000.000000,2
14600000.000000,-91
14602000.000000,-88
14604000.000000,21
14606000.000000,85
14608000.000000,48
14610000.000000,26
14612000.000000,-75
14614000.000000,-10
14616000.000000,-25
14618000.000000,32
14620000.000000,-51
14622000.000000,-17
14624000.000000,56
14626000.000000,38
14628000.000000,5
14630000.000000,-46
14632000.000000,31
14634000.000000,-51
14636000.000000,-58
14638000.000000,-43
14640000.000000,68
14642000.000000,52
14644000.000000,-29
14646000.000000,-21
14648000.000000,-5
14650000.000000,37
14652000.000000,-63
14654000.000000,-41
14656000.000000,-4
14658000.000000,89
14660000.000000,41
14662000.000000,-13
14664000.000000,-42
14666000.000000,-46
14668000.000000,63
14670000.000000,55
14672000.000000,-5
14674000.000000,-136
14676000.000000,30
14678000.000000,139
14680000.000000,90
14682000.000000,-67
14684000.000000,-115
14686000.000000,3
14688000.000000,19
14690000.000000,71
14692000.000000,4
14694000.000000,0
14696000.000000,-38
14698000.000000,28
14700000.000000,28
14702000.000000,-32
14704000.000000,-33
14706000.000000,3
14708000.000000,70
14710000.000000,-46
14712000.000000,-70
14714000.000000,-8
14716000.000000,101
14718000.000000,49
14720000.000000,-58
14722000.000000,-90
14724000.000000,-30
14726000.000000,45
14728000.000000,31
14730000.000000,100
14732000.000000,-13
14734000.000000,-106
14736000.000000,-119
14738000.000000,55
14740000.000000,184
14742000.000000,55
14744000.000000,-47
14746000.000000,-132
14748000.000000,-68
14750000.000000,23
14752000.000000,169
14754000.000000,43
14756000.000000,-126
14758000.000000,-105
14760000.000000,73
14762000.000000,108
14764000.000000,-52
14766000.000000,-64
14768000.000000,1
14770000.000000,85
14772000.000000,-17
14774000.000000,-36
14776000.000000,-23
14778000.000000,50
14780000.000000,47
14782000.000000,-33
14784000.000000,-67
14786000.000000,-110
14788000.000000,74
14790000.000000,164
14792000.000000,102
14794000.000000,-133
14796000.000000,-133
14798000.000000,34
14800000.000000,78
14802000.000000,33
14804000.000000,-60
14806000.000000,28
14808000.000000,-11
14810000.000000,39
14812000.000000,17
14814000.000000,7
14816000.000000,-31
14818000.000000,-56
14820000.000000,26
14822000.000000,-19
14824000.000000,-7
14826000.000000,32
14828000.000000,99
14830000.000000,-44
14832000.000000,-140
14834000.000000,-45
14836000.000000,74
14838000.000000,44
14840000.000000,-52
14842000.000000,31
14844000.000000,13
14846000.000000,-13
14848000.000000,-75
14850000.000000,18
14852000.000000,18
14854000.000000,-15
14856000.000000,-10
14858000.000000,-2
14860000.000000,48
14862000.000000,5
14864000.000000,51
14866000.000000,-16
14868000.000000,-86
14870000.000000,-92
14872000.000000,69
14874000.000000,150
14876000.000000,-37
14878000.000000,-106
14880000.000000,-46
14882000.000000,111
14884000.000000,48
14886000.000000,3
14888000.000000,-80
14890000.000000,-77
14892000.000000,-1
14894000.000000,98
14896000.000000,58
14898000.000000,-87
14900000.000000,-83
14902000.000000,0
14904000.000000,82
14906000.000000,-37
14908000.000000,-8
14910000.000000,51
14912000.000000,3
14914000.000000,-93
14916000.000000,-34
14918000.000000,110
14920000.000000,-3
14922000.000000,-33
14924000.000000,-8
14926000.000000,46
14928000.000000,-54
14930000.000000,-47
14932000.000000,54
14934000.000000,61
14936000.000000,53
14938000.000000,-39
14940000.000000,-51
14942000.000000,-88
14944000.000000,43
14946000.000000,93
14948000.000000,58
14950000.000000,-116
14952000.000000,-162
14954000.000000,63
14956000.000000,169
14958000.000000,95
14960000.000000,-153
14962000.000000,-107
14964000.000000,-36
14966000.000000,41
14968000.000000,24
14970000.000000,18
14972000.000000,34
14974000.000000,-28
14976000.000000,5
14978000.000000,-75
14980000.000000,-34
14982000.000000,-8
14984000.000000,141
14986000.000000,72
14988000.000000,-123
14990000.000000,-129
14992000.000000,75
14994000.000000,221
14996000.000000,-11
14998000.000000,-132
15000000.000000,-96
15002000.000000,62
15004000.000000,101
15006000.000000,89
15008000.000000,23
15010000.000000,-65
15012000.000000,-48
15014000.000000,-16
15016000.000000,40
15018000.000000,-10
15020000.000000,64
15022000.000000,19
15024000.000000,10
15026000.000000,-69
15028000.000000,-17
15030000.000000,106
15032000.000000,48
15034000.000000,-97
15036000.000000,-153
15038000.000000,81
15040000.000000,95
15042000.000000,10
15044000.000000,-66
15046000.000000,-13
15048000.000000,2
15050000.000000,-13
15052000.000000,37
15054000.000000,-54
15056000.000000,-12
15058000.000000,30
15060000.000000,104
15062000.000000,-64
15064000.000000,-147
15066000.000000,-23
15068000.000000,131
15070000.000000,112
15072000.000000,-117
15074000.000000,-94
15076000.000000,14
15078000.000000,117
15080000.000000,11
15082000.000000,-30
15084000.000000,-48
15086000.000000,-37
15088000.000000,51
15090000.000000,57
15092000.000000,23
15094000.000000,-88
15096000.000000,-25
15098000.000000,9
15100000.000000,90
15102000.000000,29
15104000.000000,-23
15106000.000000,-49
15108000.000000,-71
15110000.000000,4
15112000.000000,42
15114000.000000,81
15116000.000000,-63
15118000.000000,-57
15120000.000000,30
15122000.000000,88
15124000.000000,-41
15126000.000000,-90
15128000.000000,34
15130000.000000,29
15132000.000000,-17
15134000.000000,-88
15136000.000000,28
15138000.000000,90
15140000.000000,83
15142000.000000,-48
15144000.000000,-151
15146000.000000,-113
15148000.000000,52
15150000.000000,204
15152000.000000,68
15154000.000000,-136
15156000.000000,-219
15158000.000000,49
15160000.000000,146
15162000.000000,31
15164000.000000,-95
15166000.000000,-105
15168000.000000,27
15170000.000000,45
15172000.000000,109
15174000.000000,-24
15176000.000000,-74
15178000.000000,-57
15180000.000000,8
15182000.000000,7
15184000.000000,-35
15186000.000000,42
15188000.000000,80
15190000.000000,79
15192000.000000,-98
15194000.000000,-99
15196000.000000,5
15198000.000000,84
15200000.000000,20
15202000.000000,1
15204000.000000,18
15206000.000000,-82
15208000.000000,-12
15210000.000000,51
15212000.000000,103
15214000.000000,-59
15216000.000000,-66
15218000.000000,-29
15220000.000000,-6
15222000.000000,53
15224000.000000,61
15226000.000000,52
15228000.000000,-105
15230000.000000,-103
15232000.000000,-26
15234000.000000,125
15236000.000000,92
15238000.000000,-31
15240000.000000,-79
15242000.000000,-69
15244000.000000,32
15246000.000000,47
15248000.000000,62
15250000.000000,-45
15252000.000000,-42
15254000.000000,-20
15256000.000000,32
15258000.000000,-2
15260000.000000,-2
15262000.000000,64
15264000.000000,40
15266000.000000,-39
15268000.000000,-116
15270000.000000,40
15272000.000000,90
15274000.000000,44
15276000.000000,-93
15278000.000000,-82
15280000.000000,20
15282000.000000,39
15284000.000000,114
15286000.000000,13
15288000.000000,-98
15290000.000000,-152
15292000.000000,54
15294000.000000,110
15296000.000000,14
15298000.000000,-88
15300000.000000,-62
15302000.000000,67
15304000.000000,44
15306000.000000,44
15308000.000000,-81
15310000.000000,-87
15312000.000000,-28
15314000.000000,76
15316000.000000,108
15318000.000000,10
15320000.000000,-70
15322000.000000,-69
15324000.000000,71
15326000.000000,7
15328000.000000,-29
15330000.000000,-37
15332000.000000,71
15334000.000000,70
15336000.000000,21
15338000.000000,-16
15340000.000000,-85
15342000.000000,-25
15344000.000000,40
15346000.000000,114
15348000.000000,-58
15350000.000000,-105
15352000.000000,15
15354000.000000,161
15356000.000000,114
15358000.000000,-121
15360000.000000,-141
15362000.000000,-63
15364000.000000,84
15366000.000000,78
15368000.000000,52
15370000.000000,-42
15372000.000000,-57
15374000.000000,-39
15376000.000000,11
15378000.000000,44
15380000.000000,-13
15382000.000000,20
15384000.000000,-45
15386000.000000,4
15388000.000000,-20
15390000.000000,53
15392000.000000,55
15394000.000000,-23
15396000.000000,-81
15398000.000000,-79
15400000.000000,69
15402000.000000,69
15404000.000000,71
15406000.000000,2
15408000.000000,-28
15410000.000000,-125
15412000.000000,-52
15414000.000000,138
15416000.000000,110
15418000.000000,-12
15420000.000000,-116
15422000.000000,-22
15424000.000000,-21
15426000.000000,57
15428000.000000,94
15430000.000000,41
15432000.000000,-111
15434000.000000,-123
15436000.000000,57
15438000.000000,104
15440000.000000,58
15442000.000000,-91
15444000.000000,-24
15446000.000000,-4
15448000.000000,16
15450000.000000,40
15452000.000000,43
15454000.000000,-11
15456000.000000,-103
15458000.000000,29
15460000.000000,16
15462000.000000,14
15464000.000000,-34
15466000.000000,70
15468000.000000,51
15470000.000000,-53
15472000.000000,-74
15474000.000000,-61
15476000.000000,50
15478000.000000,39
15480000.000000,50
15482000.000000,-24
15484000.000000,-74
15486000.000000,-72
15488000.000000,58
15490000.000000,116
15492000.000000,-67
15494000.000000,-146
15496000.000000,-38
15498000.000000,170
15500000.000000,58
15502000.000000,-36
15504000.000000,-75
15506000.000000,-43
15508000.000000,-33
15510000.000000,46
15512000.000000,65
15514000.000000,-28
15516000.000000,3
15518000.000000,17
15520000.000000,65
15522000.000000,-44
15524000.000000,-35
15526000.000000,-7
15528000.000000,7
15530000.000000,5
15532000.000000,-13
15534000.000000,71
15536000.000000,32
15538000.000000,1
15540000.000000,-50
15542000.000000,-12
15544000.000000,-59
15546000.000000,-15
15548000.000000,98
15550000.000000,86
15552000.000000,-61
15554000.000000,-153
15556000.000000,2
15558000.000000,67
15560000.000000,65
15562000.000000,-52
15564000.000000,-53
15566000.000000,-46
15568000.000000,-11
15570000.000000,109
15572000.000000,85
15574000.000000,-43
15576000.000000,-202
15578000.000000,-11
15580000.000000,114
15582000.000000,79
15584000.000000,-42
15586000.000000,-13
15588000.000000,12
15590000.000000,-53
15592000.000000,51
15594000.000000,35
15596000.000000,32
15598000.000000,-49
15600000.000000,4
15602000.000000,-15
15604000.000000,-21
15606000.000000,40
15608000.000000,58
15610000.000000,59
15612000.000000,-69
15614000.000000,-62
15616000.000000,-18
15618000.000000,50
15620000.000000,15
15622000.000000,13
15624000.000000,3
15626000.000000,-70
15628000.000000,-76
15630000.000000,20
15632000.000000,152
15634000.000000,20
15636000.000000,-59
15638000.000000,-103
15640000.000000,-51
15642000.000000,17
15644000.000000,111
15646000.000000,133
15648000.000000,-63
15650000.000000,-140
15652000.000000,-90
15654000.000000,113
15656000.000000,104
15658000.000000,27
15660000.000000,-58
15662000.000000,-27
15664000.000000,17
15666000.000000,22
15668000.000000,49
15670000.000000,-14
15672000.000000,-37
15674000.000000,-63
15676000.000000,34
15678000.000000,19
15680000.000000,43
15682000.000000,81
15684000.000000,18
15686000.000000,-74
15688000.000000,-148
15690000.000000,-2
15692000.000000,62
15694000.000000,113
15696000.000000,-34
15698000.000000,-71
15700000.000000,-10
15702000.000000,15
15704000.000000,35
15706000.000000,-16
15708000.000000,4
15710000.000000,-101
15712000.000000,-27
15714000.000000,83
15716000.000000,98
15718000.000000,-30
15720000.000000,-93
15722000.000000,-53
15724000.000000,-6
15726000.000000,80
15728000.000000,17
15730000.000000,14
15732000.000000,-54
15734000.000000,24
15736000.000000,29
15738000.000000,8
15740000.000000,-67
15742000.000000,-61
15744000.000000,78
15746000.000000,52
15748000.000000,3
15750000.000000,-70
15752000.000000,10
15754000.000000,42
15756000.000000,39
15758000.000000,-16
15760000.000000,-96
15762000.000000,-50
15764000.000000,65
15766000.000000,141
15768000.000000,-22
15770000.000000,-116
15772000.000000,-124
15774000.000000,90
15776000.000000,171
15778000.000000,42
15780000.000000,-124
15782000.000000,-133
15784000.000000,67
15786000.000000,55
15788000.000000,51
15790000.000000,-36
15792000.000000,-33
15794000.000000,-41
15796000.000000,37
15798000.000000,53
15800000.000000,-12
15802000.000000,-8
15804000.000000,-39
15806000.000000,-28
15808000.000000,-72
15810000.000000,64
15812000.000000,75
15814000.000000,36
15816000.000000,-93
15818000.000000,-125
15820000.000000,-17
15822000.000000,32
15824000.000000,107
15826000.000000,24
15828000.000000,20
15830000.000000,-94
15832000.000000,-61
15834000.000000,2
15836000.000000,46
15838000.000000,41
15840000.000000,-18
15842000.000000,-10
15844000.000000,-80
15846000.000000,39
15848000.000000,115
15850000.000000,109
15852000.000000,-71
15854000.000000,-193
15856000.000000,-69
15858000.000000,119
15860000.000000,185
15862000.000000,2
15864000.000000,-45
15866000.000000,-63
15868000.000000,9
15870000.000000,-14
15872000.000000,19
15874000.000000,7
15876000.000000,15
15878000.000000,78
15880000.000000,-18
15882000.000000,-80
15884000.000000,-66
15886000.000000,77
15888000.000000,40
15890000.000000,-41
15892000.000000,-77
15894000.000000,-34
15896000.000000,79
15898000.000000,82
15900000.000000,56
15902000.000000,-111
15904000.000000,-123
15906000.000000,-67
15908000.000000,78
15910000.000000,114
15912000.000000,75
15914000.000000,-71
15916000.000000,-116
15918000.000000,4
15920000.000000,67
15922000.000000,118
15924000.000000,-39
15926000.000000,-97
15928000.000000,-80
15930000.000000,80
15932000.000000,139
15934000.000000,7
15936000.000000,-105
15938000.000000,-87
15940000.000000,93
15942000.000000,49
15944000.000000,-5
15946000.000000,-79
15948000.000000,48
10950000.000000,-23
10952000.000000,-32
10954000.000000,-17
10956000.000000,22
10958000.000000,33
10960000.000000,2
10962000.000000,-14
10964000.000000,-31
10966000.000000,-7
10968000.000000,6
10970000.000000,22
10972000.000000,7
10974000.000000,7
10976000.000000,-29
10978000.000000,-21
10980000.000000,26
10982000.000000,26
10984000.000000,9
10986000.000000,-27
10988000.000000,-12
10990000.000000,-2
10992000.000000,15
10994000.000000,21
10996000.000000,14
10998000.000000,0
11000000.000000,-37
11002000.000000,-14
11004000.000000,11
11006000.000000,20
11008000.000000,5
11010000.000000,26
11012000.000000,3
11014000.000000,-48
11016000.000000,-17
11018000.000000,23
11020000.000000,32
11022000.000000,-14
11024000.000000,-20
11026000.000000,0
11028000.000000,9
11030000.000000,-6
11032000.000000,-11
11034000.000000,12
11036000.000000,-15
11038000.000000,-21
11040000.000000,4
11042000.000000,16
11044000.000000,-11
11046000.000000,16
11048000.000000,-8
11050000.000000,-23
11052000.000000,-27
11054000.000000,12
11056000.000000,40
11058000.000000,-5
11060000.000000,-29
11062000.000000,-20
11064000.000000,23
11066000.000000,-3
11068000.000000,-5
11070000.000000,2
11072000.000000,-6
11074000.000000,-3
11076000.000000,1
11078000.000000,16
11080000.000000,-13
11082000.000000,-9
11084000.000000,2
11086000.000000,19
11088000.000000,3
11090000.000000,-17
11092000.000000,6
11094000.000000,22
11096000.000000,5
11098000.000000,-36
11100000.000000,-5
11102000.000000,30
11104000.000000,21
11106000.000000,11
11108000.000000,-16
11110000.000000,-16
11112000.000000,4
11114000.000000,36
11116000.000000,-2
11118000.000000,-5
11120000.000000,-20
11122000.000000,12
11124000.000000,38
11126000.000000,14
11128000.000000,-21
11130000.000000,-21
11132000.000000,-7
11134000.000000,-6
11136000.000000,18
11138000.000000,14
11140000.000000,23
11142000.000000,-4
11144000.000000,-16
11146000.000000,-23
11148000.000000,4
11150000.000000,15
11152000.000000,12
11154000.000000,21
11156000.000000,-30
11158000.000000,-5
11160000.000000,9
11162000.000000,34
11164000.000000,2
11166000.000000,-16
11168000.000000,-14
11170000.000000,-12
11172000.000000,9
11174000.000000,27
11176000.000000,32
11178000.000000,0
11180000.000000,-29
11182000.000000,-26
11184000.000000,16
11186000.000000,22
11188000.000000,12
11190000.000000,2
11192000.000000,-22
11194000.000000,-15
11196000.000000,5
11198000.000000,26
11200000.000000,1
11202000.000000,-6
11204000.000000,-8
11206000.000000,-24
11208000.000000,-3
11210000.000000,3
11212000.000000,21
11214000.000000,15
11216000.000000,-12
11218000.000000,-43
11220000.000000,-6
11222000.000000,22
11224000.000000,13
11226000.000000,8
11228000.000000,-16
11230000.000000,-17
11232000.000000,-15
11234000.000000,16
11236000.000000,3
11238000.000000,17
11240000.000000,-5
11242000.000000,-16
11244000.000000,-19
11246000.000000,-15
11248000.000000,22
11250000.000000,14
11252000.000000,-1
11254000.000000,-36
11256000.000000,-7
11258000.000000,5
11260000.000000,18
11262000.000000,2
11264000.000000,-20
11266000.000000,-14
11268000.000000,-2
11270000.000000,17
11272000.000000,3
11274000.000000,5
11276000.000000,-12
11278000.000000,-6
11280000.000000,5
11282000.000000,-1
11284000.000000,-15
11286000.000000,-3
11288000.000000,19
11290000.000000,-7
11292000.000000,-12
11294000.000000,-15
11296000.000000,13
11298000.000000,12
11300000.000000,-7
11302000.000000,-19
11304000.000000,-5
11306000.000000,19
11308000.000000,4
11310000.000000,15
11312000.000000,-13
11314000.000000,-21
11316000.000000,6
11318000.000000,19
11320000.000000,5
11322000.000000,-11
11324000.000000,-4
11326000.000000,2
11328000.000000,28
11330000.000000,3
11332000.000000,2
11334000.000000,-8
11336000.000000,-5
11338000.000000,-1
11340000.000000,22
11342000.000000,20
11344000.000000,-1
11346000.000000,-6
11348000.000000,-19
11350000.000000,-2
11352000.000000,5
11354000.000000,14
11356000.000000,12
11358000.000000,7
11360000.000000,-16
11362000.000000,-18
11364000.000000,-2
11366000.000000,5
11368000.000000,18
11370000.000000,1
11372000.000000,-7
11374000.000000,-18
11376000.000000,-2
11378000.000000,16
11380000.000000,7
11382000.000000,7
11384000.000000,-26
11386000.000000,-24
11388000.000000,7
11390000.000000,27
11392000.000000,9
11394000.000000,2
11396000.000000,-16
11398000.000000,-24
11400000.000000,3
11402000.000000,14
11404000.000000,17
11406000.000000,2
11408000.000000,9
11410000.000000,-24
11412000.000000,-5
11414000.000000,0
11416000.000000,20
11418000.000000,28
11420000.000000,-15
11422000.000000,-27
11424000.000000,-15
11426000.000000,30
11428000.000000,21
11430000.000000,15
11432000.000000,-17
11434000.000000,-20
11436000.000000,-9
11438000.000000,-1
11440000.000000,23
11442000.000000,17
11444000.000000,0
11446000.000000,-26
11448000.000000,-6
11450000.000000,1
11452000.000000,13
11454000.000000,19
11456000.000000,3
11458000.000000,-23
11460000.000000,-30
11462000.000000,4
11464000.000000,20
11466000.000000,20
11468000.000000,-11
11470000.000000,-17
11472000.000000,-3
11474000.000000,8
11476000.000000,1
11478000.000000,-11
11480000.000000,-1
11482000.000000,-1
11484000.000000,17
11486000.000000,1
11488000.000000,2
11490000.000000,4
11492000.000000,1
11494000.000000,-11
11496000.000000,-9
11498000.000000,1
11500000.000000,-6
11502000.000000,32
11504000.000000,5
11506000.000000,-10
11508000.000000,-10
11510000.000000,3
11512000.000000,-4
11514000.000000,1
11516000.000000,14
11518000.000000,-6
11520000.000000,5
11522000.000000,-8
11524000.000000,13
11526000.000000,10
11528000.000000,-8
11530000.000000,-20
11532000.000000,5
11534000.000000,12
11536000.000000,5
11538000.000000,-4
11540000.000000,-13
11542000.000000,5
11544000.000000,1
11546000.000000,7
11548000.000000,-2
11550000.000000,-3
11552000.000000,-2
11554000.000000,-9
11556000.000000,2
11558000.000000,-1
11560000.000000,8
11562000.000000,3
11564000.000000,-10
11566000.000000,-15
11568000.000000,4
11570000.000000,13
11572000.000000,2
11574000.000000,1
11576000.000000,-10
11578000.000000,-21
11580000.000000,-11
11582000.000000,24
11584000.000000,18
11586000.000000,7
11588000.000000,-25
11590000.000000,-33
11592000.000000,6
11594000.000000,8
11596000.000000,21
11598000.000000,1
11600000.000000,-10
11602000.000000,-27
11604000.000000,2
11606000.000000,6
11608000.000000,2
11610000.000000,13
11612000.000000,-10
11614000.000000,-17
11616000.000000,-10
11618000.000000,16
11620000.000000,8
11622000.000000,8
11624000.000000,-18
11626000.000000,-20
11628000.000000,-3
11630000.000000,1
11632000.000000,14
11634000.000000,11
11636000.000000,3
11638000.000000,-32
11640000.000000,-15
11642000.000000,1
11644000.000000,17
11646000.000000,9
11648000.000000,-5
11650000.000000,-7
11652000.000000,-10
11654000.000000,-4
11656000.000000,-1
11658000.000000,24
11660000.000000,11
11662000.000000,-17
11664000.000000,-16
11666000.000000,3
11668000.000000,17
11670000.000000,12
11672000.000000,13
11674000.000000,-21
11676000.000000,-17
11678000.000000,-5
11680000.000000,19
11682000.000000,32
11684000.000000,-4
11686000.000000,-18
11688000.000000,-3
11690000.000000,0
11692000.000000,-13
11694000.000000,21
11696000.000000,9
11698000.000000,-12
11700000.000000,0
11702000.000000,20
11704000.000000,1
11706000.000000,-18
11708000.000000,5
11710000.000000,12
11712000.000000,15
11714000.000000,-33
11716000.000000,-3
11718000.000000,27
11720000.000000,23
11722000.000000,-21
11724000.000000,-22
11726000.000000,6
11728000.000000,8
11730000.000000,16
11732000.000000,-4
11734000.000000,-6
11736000.000000,-10
11738000.000000,13
11740000.000000,24
11742000.000000,5
11744000.000000,-19
11746000.000000,-12
11748000.000000,13
11750000.000000,21
11752000.000000,-3
11754000.000000,-8
11756000.000000,3
11758000.000000,-2
11760000.000000,10
11762000.000000,1
11764000.000000,-12
11766000.000000,2
11768000.000000,3
11770000.000000,-1
11772000.000000,-12
11774000.000000,15
11776000.000000,15
11778000.000000,8
11780000.000000,-17
11782000.000000,-33
11784000.000000,8
11786000.000000,19
11788000.000000,7
11790000.000000,-5
11792000.000000,-7
11794000.000000,-8
11796000.000000,2
11798000.000000,-7
11800000.000000,7
11802000.000000,17
11804000.000000,-9
11806000.000000,-33
11808000.000000,-18
11810000.000000,20
11812000.000000,12
11814000.000000,17
11816000.000000,-13
11818000.000000,-19
11820000.000000,-10
11822000.000000,0
11824000.000000,10
11826000.000000,4
11828000.000000,1
11830000.000000,-13
11832000.000000,0
11834000.000000,11
11836000.000000,7
11838000.000000,9
11840000.000000,0
11842000.000000,-10
11844000.000000,-16
11846000.000000,4
11848000.000000,10
11850000.000000,32
11852000.000000,8
11854000.000000,-20
11856000.000000,-20
11858000.000000,1
11860000.000000,15
11862000.000000,7
11864000.000000,10
11866000.000000,-17
11868000.000000,-2
11870000.000000,-3
11872000.000000,8
11874000.000000,15
11876000.000000,2
11878000.000000,-5
11880000.000000,-21
11882000.000000,-15
11884000.000000,-3
11886000.000000,51
11888000.000000,17
11890000.000000,-32
11892000.000000,-37
11894000.000000,14
11896000.000000,21
11898000.000000,-3
11900000.000000,-20
11902000.000000,0
11904000.000000,22
11906000.000000,-5
11908000.000000,-19
11910000.000000,-14
11912000.000000,11
11914000.000000,13
11916000.000000,6
11918000.000000,-19
11920000.000000,-20
11922000.000000,20
11924000.000000,19
11926000.000000,-1
11928000.000000,-26
11930000.000000,-17
11932000.000000,7
11934000.000000,27
11936000.000000,6
11938000.000000,-32
11940000.000000,-18
11942000.000000,10
11944000.000000,16
11946000.000000,-4
11948000.000000,-18
11950000.000000,-11
11952000.000000,10
11954000.000000,17
11956000.000000,-23
11958000.000000,-12
11960000.000000,1
11962000.000000,11
11964000.000000,-3
11966000.000000,-13
11968000.000000,-14
11970000.000000,11
11972000.000000,1
11974000.000000,-21
11976000.000000,-8
11978000.000000,9
11980000.000000,14
11982000.000000,-7
11984000.000000,-12
11986000.000000,-13
11988000.000000,16
11990000.000000,-3
11992000.000000,-12
11994000.000000,12
11996000.000000,-1
11998000.000000,-8
12000000.000000,-13
12002000.000000,7
12004000.000000,8
12006000.000000,18
12008000.000000,0
12010000.000000,-16
12012000.000000,-20
12014000.000000,13
12016000.000000,29
12018000.000000,8
12020000.000000,-16
12022000.000000,-23
12024000.000000,5
12026000.000000,12
12028000.000000,11
12030000.000000,7
12032000.000000,6
12034000.000000,-3
12036000.000000,-11
12038000.000000,-10
12040000.000000,-8
12042000.000000,35
12044000.000000,29
12046000.000000,-20
12048000.000000,-25
12050000.000000,2
12052000.000000,29
12054000.000000,14
12056000.000000,-4
12058000.000000,-28
12060000.000000,11
12062000.000000,14
12064000.000000,6
12066000.000000,8
12068000.000000,5
12070000.000000,8
12072000.000000,-4
12074000.000000,-6
12076000.000000,-13
12078000.000000,39
12080000.000000,30
12082000.000000,-5
12084000.000000,-40
12086000.000000,-11
12088000.000000,30
12090000.000000,34
12092000.000000,-2
12094000.000000,-26
12096000.000000,9
12098000.000000,2
12100000.000000,14
12102000.000000,10
12104000.000000,-1
12106000.000000,-11
12108000.000000,12
12110000.000000,9
12112000.000000,-14
12114000.000000,-10
12116000.000000,8
12118000.000000,21
12120000.000000,-2
12122000.000000,-23
12124000.000000,-22
12126000.000000,21
12128000.000000,24
12130000.000000,-10
12132000.000000,-22
12134000.000000,-18
12136000.000000,7
12138000.000000,8
12140000.000000,2
12142000.000000,-8
12144000.000000,-6
12146000.000000,-1
12148000.000000,-16
12150000.000000,-7
12152000.000000,-13
12154000.000000,1
12156000.000000,7
12158000.000000,5
12160000.000000,-15
12162000.000000,5
12164000.000000,5
12166000.000000,-25
12168000.000000,-12
12170000.000000,-4
12172000.000000,18
12174000.000000,1
12176000.000000,-11
12178000.000000,-10
12180000.000000,11
12182000.000000,-2
12184000.000000,-15
12186000.000000,-6
12188000.000000,3
12190000.000000,-2
12192000.000000,-4
12194000.000000,2
12196000.000000,-4
12198000.000000,11
12200000.000000,-9
12202000.000000,-11
12204000.000000,-19
12206000.000000,-7
12208000.000000,19
12210000.000000,6
12212000.000000,-9
12214000.000000,-24
12216000.000000,6
12218000.000000,6
12220000.000000,2
12222000.000000,13
12224000.000000,-1
12226000.000000,-19
12228000.000000,-11
12230000.000000,13
12232000.000000,2
12234000.000000,9
12236000.000000,9
12238000.000000,-4
12240000.000000,-16
12242000.000000,-13
12244000.000000,10
12246000.000000,28
12248000.000000,16
12250000.000000,-32
12252000.000000,-16
12254000.000000,12
12256000.000000,21
12258000.000000,14
12260000.000000,-1
12262000.000000,-15
12264000.000000,-3
12266000.000000,5
12268000.000000,0
12270000.000000,16
12272000.000000,6
12274000.000000,9
12276000.000000,-8
12278000.000000,-19
12280000.000000,-5
12282000.000000,27
12284000.000000,27
12286000.000000,-14
12288000.000000,-15
12290000.000000,-15
12292000.000000,7
12294000.000000,20
12296000.000000,22
12298000.000000,-12
12300000.000000,-26
12302000.000000,-5
12304000.000000,15
12306000.000000,21
12308000.000000,-7
12310000.000000,-10
12312000.000000,6
12314000.000000,-2
12316000.000000,-19
12318000.000000,2
12320000.000000,28
12322000.000000,3
12324000.000000,-16
12326000.000000,-11
12328000.000000,-3
12330000.000000,0
12332000.000000,12
12334000.000000,11
12336000.000000,7
12338000.000000,-23
12340000.000000,-33
12342000.000000,24
12344000.000000,21
12346000.000000,-1
12348000.000000,-9
12350000.000000,-1
12352000.000000,-12
12354000.000000,-2
12356000.000000,16
12358000.000000,1
12360000.000000,-7
12362000.000000,-11
12364000.000000,7
12366000.000000,8
12368000.000000,-3
12370000.000000,-22
12372000.000000,11
12374000.000000,-3
12376000.000000,-4
12378000.000000,5
12380000.000000,7
12382000.000000,-2
12384000.000000,-16
12386000.000000,7
12388000.000000,-1
12390000.000000,-1
12392000.000000,-3
12394000.000000,4
12396000.000000,6
12398000.000000,-11
12400000.000000,-8
12402000.000000,10
12404000.000000,2
12406000.000000,-18
12408000.000000,-3
12410000.000000,17
12412000.000000,10
12414000.000000,-4
12416000.000000,-4
12418000.000000,-3
12420000.000000,-8
12422000.000000,6
12424000.000000,6
12426000.000000,11
12428000.000000,4
12430000.000000,-4
12432000.000000,9
12434000.000000,-2
12436000.000000,-7
12438000.000000,6
12440000.000000,21
12442000.000000,-13
12444000.000000,-8
12446000.000000,1
12448000.000000,26
12450000.000000,23
12452000.000000,-7
12454000.000000,-26
12456000.000000,-8
12458000.000000,11
12460000.000000,-2
12462000.000000,20
12464000.000000,7
12466000.000000,-1
12468000.000000,-10
12470000.000000,-6
12472000.000000,-2
12474000.000000,12
12476000.000000,12
12478000.000000,-4
12480000.000000,1
12482000.000000,-18
12484000.000000,5
12486000.000000,8
12488000.000000,21
12490000.000000,9
12492000.000000,-13
12494000.000000,-17
12496000.000000,-13
12498000.000000,17
12500000.000000,21
12502000.000000,2
12504000.000000,-17
12506000.000000,-13
12508000.000000,3
12510000.000000,15
12512000.000000,16
12514000.000000,-12
12516000.000000,-18
12518000.000000,-12
12520000.000000,3
12522000.000000,11
12524000.000000,9
12526000.000000,-7
12528000.000000,3
12530000.000000,-7
12532000.000000,-23
12534000.000000,2
12536000.000000,11
12538000.000000,6
12540000.000000,4
12542000.000000,-1
12544000.000000,-30
12546000.000000,-5
12548000.000000,19
12550000.000000,12
12552000.000000,-9
12554000.000000,-38
12556000.000000,-14
12558000.000000,9
12560000.000000,22
12562000.000000,-6
12564000.000000,-6
12566000.000000,-9
12568000.000000,-7
12570000.000000,3
12572000.000000,-1
12574000.000000,-2
12576000.000000,-5
12578000.000000,7
12580000.000000,-4
12582000.000000,-3
12584000.000000,-13
12586000.000000,5
12588000.000000,11
12590000.000000,3
12592000.000000,-9
12594000.000000,-6
12596000.000000,12
12598000.000000,5
12600000.000000,10
12602000.000000,5
12604000.000000,-4
12606000.000000,5
12608000.000000,1
12610000.000000,-4
12612000.000000,2
12614000.000000,10
12616000.000000,-1
12618000.000000,1
12620000.000000,4
12622000.000000,4
12624000.000000,-2
12626000.000000,-2
12628000.000000,-8
12630000.000000,3
12632000.000000,10
12634000.000000,4
12636000.000000,16
12638000.000000,-22
12640000.000000,-6
12642000.000000,21
12644000.000000,12
12646000.000000,-12
12648000.000000,-12
12650000.000000,12
12652000.000000,1
12654000.000000,19
12656000.000000,-1
12658000.000000,-7
12660000.000000,-7
12662000.000000,-1
12664000.000000,13
12666000.000000,16
12668000.000000,7
12670000.000000,-5
12672000.000000,-2
12674000.000000,-9
12676000.000000,-6
12678000.000000,14
12680000.000000,27
12682000.000000,-5
12684000.000000,-15
12686000.000000,-4
12688000.000000,8
12690000.000000,8
12692000.000000,0
12694000.000000,8
12696000.000000,-4
12698000.000000,-12
12700000.000000,-18
12702000.000000,19
12704000.000000,30
12706000.000000,-7
12708000.000000,-15
12710000.000000,-22
12712000.000000,-7
12714000.000000,9
12716000.000000,26
12718000.000000,4
12720000.000000,-9
12722000.000000,-15
12724000.000000,-14
12726000.000000,25
12728000.000000,-1
12730000.000000,-18
12732000.000000,-7
12734000.000000,16
12736000.000000,-5
12738000.000000,-18
12740000.000000,-3
12742000.000000,16
12744000.000000,19
12746000.000000,-23
12748000.000000,-30
12750000.000000,0
12752000.000000,27
12754000.000000,21
12756000.000000,5
12758000.000000,-28
12760000.000000,-23
12762000.000000,10
12764000.000000,21
12766000.000000,9
12768000.000000,-9
12770000.000000,-9
12772000.000000,-11
12774000.000000,0
12776000.000000,9
12778000.000000,3
12780000.000000,10
12782000.000000,-4
12784000.000000,-18
12786000.000000,-12
12788000.000000,3
12790000.000000,3
12792000.000000,10
12794000.000000,11
12796000.000000,-14
12798000.000000,-16
12800000.000000,3
12802000.000000,8
12804000.000000,-2
12806000.000000,-4
12808000.000000,-14
12810000.000000,19
12812000.000000,-3
12814000.000000,-5
12816000.000000,13
12818000.000000,8
12820000.000000,-12
12822000.000000,-24
12824000.000000,16
12826000.000000,6
12828000.000000,8
12830000.000000,-6
12832000.000000,1
12834000.000000,14
12836000.000000,-3
12838000.000000,-4
12840000.000000,7
12842000.000000,1
12844000.000000,-15
12846000.000000,5
12848000.000000,9
12850000.000000,0
12852000.000000,-6
12854000.000000,19
12856000.000000,-1
12858000.000000,-14
12860000.000000,-1
12862000.000000,12
12864000.000000,8
12866000.000000,-19
12868000.000000,-2
12870000.000000,19
12872000.000000,14
12874000.000000,-19
12876000.000000,-17
12878000.000000,-2
12880000.000000,-3
12882000.000000,12
12884000.000000,6
12886000.000000,-9
12888000.000000,-11
12890000.000000,7
12892000.000000,3
12894000.000000,-10
12896000.000000,-1
12898000.000000,-5
12900000.000000,8
12902000.000000,-10
12904000.000000,-18
12906000.000000,-2
12908000.000000,32
12910000.000000,14
12912000.000000,-11
12914000.000000,-25
12916000.000000,-34
12918000.000000,19
12920000.000000,28
12922000.000000,15
12924000.000000,-22
12926000.000000,-14
12928000.000000,4
12930000.000000,14
12932000.000000,-9
12934000.000000,-15
12936000.000000,14
12938000.000000,9
12940000.000000,-10
12942000.000000,-14
12944000.000000,12
12946000.000000,8
12948000.000000,11
12950000.000000,-16
12952000.000000,-17
12954000.000000,-5
12956000.000000,15
12958000.000000,25
12960000.000000,7
12962000.000000,-21
12964000.000000,-29
12966000.000000,3
12968000.000000,25
12970000.000000,6
12972000.000000,-1
12974000.000000,2
12976000.000000,-13
12978000.000000,-8
12980000.000000,6
12982000.000000,16
12984000.000000,16
12986000.000000,-8
12988000.000000,-18
12990000.000000,-3
12992000.000000,7
12994000.000000,12
12996000.000000,14
12998000.000000,7
13000000.000000,-30
13002000.000000,0
13004000.000000,24
13006000.000000,9
13008000.000000,5
13010000.000000,10
13012000.000000,13
13014000.000000,-17
13016000.000000,-15
13018000.000000,12
13020000.000000,33
13022000.000000,-4
13024000.000000,-16
13026000.000000,2
13028000.000000,12
13030000.000000,-6
13032000.000000,4
13034000.000000,13
13036000.000000,-4
13038000.000000,1
13040000.000000,1
13042000.000000,12
13044000.000000,-8
13046000.000000,2
13048000.000000,11
13050000.000000,0
13052000.000000,-14
13054000.000000,-3
13056000.000000,26
13058000.000000,-7
13060000.000000,-24
13062000.000000,-8
13064000.000000,16
13066000.000000,4
13068000.000000,-11
13070000.000000,3
13072000.000000,-6
13074000.000000,-3
13076000.000000,5
13078000.000000,2
13080000.000000,-10
13082000.000000,-15
13084000.000000,3
13086000.000000,28
13088000.000000,8
13090000.000000,-36
13092000.000000,-6
13094000.000000,23
13096000.000000,10
13098000.000000,-22
13100000.000000,-10
13102000.000000,10
13104000.000000,28
13106000.000000,0
13108000.000000,-36
13110000.000000,-11
13112000.000000,9
13114000.000000,19
13116000.000000,2
13118000.000000,-25
13120000.000000,-28
13122000.000000,18
13124000.000000,30
13126000.000000,-1
13128000.000000,-23
13130000.000000,-27
13132000.000000,3
13134000.000000,4
13136000.000000,6
13138000.000000,4
13140000.000000,12
13142000.000000,-4
13144000.000000,-25
13146000.000000,-16
13148000.000000,1
13150000.000000,15
13152000.000000,12
13154000.000000,-6
13156000.000000,-27
13158000.000000,-10
13160000.000000,27
13162000.000000,20
13164000.000000,0
13166000.000000,-17
13168000.000000,-13
13170000.000000,-7
13172000.000000,4
13174000.000000,12
13176000.000000,25
13178000.000000,6
13180000.000000,-35
13182000.000000,-10
13184000.000000,13
13186000.000000,16
13188000.000000,9
13190000.000000,-7
13192000.000000,-21
13194000.000000,-4
13196000.000000,23
13198000.000000,10
13200000.000000,4
13202000.000000,-3
13204000.000000,-11
13206000.000000,-7
13208000.000000,2
13210000.000000,-7
13212000.000000,24
13214000.000000,17
13216000.000000,-12
13218000.000000,-30
13220000.000000,-5
13222000.000000,23
13224000.000000,22
13226000.000000,0
13228000.000000,-18
13230000.000000,-9
13232000.000000,0
13234000.000000,8
13236000.000000,10
13238000.000000,10
13240000.000000,5
13242000.000000,-5
13244000.000000,-12
13246000.000000,-11
13248000.000000,22
13250000.000000,22
13252000.000000,1
13254000.000000,-21
13256000.000000,-11
13258000.000000,14
13260000.000000,27
13262000.000000,11
13264000.000000,-36
13266000.000000,-15
13268000.000000,16
13270000.000000,16
13272000.000000,5
13274000.000000,-7
13276000.000000,-13
13278000.000000,4
13280000.000000,20
13282000.000000,-17
13284000.000000,-12
13286000.000000,-4
13288000.000000,20
13290000.000000,10
13292000.000000,-17
13294000.000000,-25
13296000.000000,18
13298000.000000,20
13300000.000000,-18
13302000.000000,-18
13304000.000000,4
13306000.000000,23
13308000.000000,3
13310000.000000,-4
13312000.000000,-14
13314000.000000,-2
13316000.000000,1
13318000.000000,7
13320000.000000,15
13322000.000000,-8
13324000.000000,-16
13326000.000000,5
13328000.000000,19
13330000.000000,-3
13332000.000000,-9
13334000.000000,-3
13336000.000000,-4
13338000.000000,-6
13340000.000000,18
13342000.000000,23
13344000.000000,1
13346000.000000,-18
13348000.000000,-16
13350000.000000,7
13352000.000000,18
13354000.000000,0
13356000.000000,11
13358000.000000,9
13360000.000000,-10
13362000.000000,-18
13364000.000000,-3
13366000.000000,8
13368000.000000,17
13370000.000000,15
13372000.000000,-17
13374000.000000,-13
13376000.000000,-8
13378000.000000,11
13380000.000000,24
13382000.000000,8
13384000.000000,-44
13386000.000000,-12
13388000.000000,22
13390000.000000,15
13392000.000000,6
13394000.000000,-7
13396000.000000,-8
13398000.000000,-12
13400000.000000,-2
13402000.000000,5
13404000.000000,14
13406000.000000,4
13408000.000000,-7
13410000.000000,-16
13412000.000000,-13
13414000.000000,2
13416000.000000,32
13418000.000000,24
13420000.000000,-21
13422000.000000,-36
13424000.000000,-10
13426000.000000,31
13428000.000000,18
13430000.000000,2
13432000.000000,-9
13434000.000000,-8
13436000.000000,-4
13438000.000000,-15
13440000.000000,8
13442000.000000,24
13444000.000000,-10
13446000.000000,-17
13448000.000000,-7
13450000.000000,5
13452000.000000,15
13454000.000000,20
13456000.000000,-9
13458000.000000,-39
13460000.000000,-24
13462000.000000,6
13464000.000000,33
13466000.000000,16
13468000.000000,-22
13470000.000000,-10
13472000.000000,1
13474000.000000,-10
13476000.000000,-4
13478000.000000,-11
13480000.000000,1
13482000.000000,6
13484000.000000,5
13486000.000000,-6
13488000.000000,-1
13490000.000000,1
13492000.000000,-19
13494000.000000,3
13496000.000000,-9
13498000.000000,-11
13500000.000000,9
13502000.000000,16
13504000.000000,0
13506000.000000,-19
13508000.000000,-1
13510000.000000,9
13512000.000000,-5
13514000.000000,2
13516000.000000,6
13518000.000000,4
13520000.000000,-8
13522000.000000,-14
13524000.000000,15
13526000.000000,12
13528000.000000,-7
13530000.000000,-10
13532000.000000,1
13534000.000000,13
13536000.000000,7
13538000.000000,1
13540000.000000,-16
13542000.000000,-9
13544000.000000,19
13546000.000000,17
13548000.000000,3
13550000.000000,-15
13552000.000000,-10
13554000.000000,8
13556000.000000,5
13558000.000000,-8
13560000.000000,17
13562000.000000,23
13564000.000000,-13
13566000.000000,-16
13568000.000000,-2
13570000.000000,9
13572000.000000,12
13574000.000000,12
13576000.000000,-12
13578000.000000,-20
13580000.000000,3
13582000.000000,28
13584000.000000,34
13586000.000000,-6
13588000.000000,-32
13590000.000000,-7
13592000.000000,10
13594000.000000,7
13596000.000000,26
13598000.000000,21
13600000.000000,-8
13602000.000000,-23
13604000.000000,-10
13606000.000000,12
13608000.000000,17
13610000.000000,15
13612000.000000,-5
13614000.000000,-24
13616000.000000,-8
13618000.000000,13
13620000.000000,24
13622000.000000,4
13624000.000000,-26
13626000.000000,-17
13628000.000000,5
13630000.000000,7
13632000.000000,10
13634000.000000,19
13636000.000000,-1
13638000.000000,-28
13640000.000000,-20
13642000.000000,9
13644000.000000,20
13646000.000000,7
13648000.000000,-11
13650000.000000,-5
13652000.000000,-12
13654000.000000,-16
13656000.000000,9
13658000.000000,27
13660000.000000,-5
13662000.000000,-26
13664000.000000,-9
13666000.000000,-1
13668000.000000,21
13670000.000000,7
13672000.000000,5
13674000.000000,-9
13676000.000000,-27
13678000.000000,-19
13680000.000000,28
13682000.000000,31
13684000.000000,-11
13686000.000000,-13
13688000.000000,-2
13690000.000000,-8
13692000.000000,-6
13694000.000000,20
13696000.000000,2
13698000.000000,-12
13700000.000000,-8
13702000.000000,17
13704000.000000,8
13706000.000000,-24
13708000.000000,-5
13710000.000000,18
13712000.000000,0
13714000.000000,-34
13716000.000000,-9
13718000.000000,43
13720000.000000,15
13722000.000000,-24
13724000.000000,-28
13726000.000000,-1
13728000.000000,14
13730000.000000,10
13732000.000000,-4
13734000.000000,-17
13736000.000000,-2
13738000.000000,2
13740000.000000,27
13742000.000000,7
13744000.000000,-29
13746000.000000,-16
13748000.000000,20
13750000.000000,14
13752000.000000,1
13754000.000000,3
13756000.000000,-4
13758000.000000,-2
13760000.000000,1
13762000.000000,5
13764000.000000,9
13766000.000000,2
13768000.000000,-14
13770000.000000,10
13772000.000000,-14
13774000.000000,-1
13776000.000000,22
13778000.000000,21
13780000.000000,-16
13782000.000000,-32
13784000.000000,7
13786000.000000,15
13788000.000000,9
13790000.000000,-6
13792000.000000,-12
13794000.000000,4
13796000.000000,-7
13798000.000000,0
13800000.000000,19
13802000.000000,13
13804000.000000,-17
13806000.000000,-38
13808000.000000,-8
13810000.000000,10
13812000.000000,23
13814000.000000,26
13816000.000000,-1
13818000.000000,-31
13820000.000000,-17
13822000.000000,0
13824000.000000,12
13826000.000000,12
13828000.000000,-8
13830000.000000,-5
13832000.000000,-6
13834000.000000,-5
13836000.000000,6
13838000.000000,26
13840000.000000,-11
13842000.000000,-27
13844000.000000,-11
13846000.000000,5
13848000.000000,22
13850000.000000,25
13852000.000000,-5
13854000.000000,-22
13856000.000000,-18
13858000.000000,-13
13860000.000000,21
13862000.000000,22
13864000.000000,1
13866000.000000,-14
13868000.000000,-15
13870000.000000,-13
13872000.000000,14
13874000.000000,22
13876000.000000,6
13878000.000000,-5
13880000.000000,-21
13882000.000000,-14
13884000.000000,9
13886000.000000,35
13888000.000000,9
13890000.000000,-22
13892000.000000,-24
13894000.000000,2
13896000.000000,22
13898000.000000,6
13900000.000000,-17
13902000.000000,-8
13904000.000000,9
13906000.000000,-1
13908000.000000,-11
13910000.000000,3
13912000.000000,17
13914000.000000,13
13916000.000000,-1
13918000.000000,-20
13920000.000000,-3
13922000.000000,19
13924000.000000,20
13926000.000000,3
13928000.000000,2
13930000.000000,-19
13932000.000000,6
13934000.000000,29
13936000.000000,8
13938000.000000,-23
13940000.000000,-18
13942000.000000,13
13944000.000000,38
13946000.000000,18
13948000.000000,-21
13950000.000000,-16
13952000.000000,7
13954000.000000,14
13956000.000000,2
13958000.000000,10
13960000.000000,0
13962000.000000,12
13964000.000000,-3
13966000.000000,-10
13968000.000000,5
13970000.000000,9
13972000.000000,7
13974000.000000,-4
13976000.000000,-5
13978000.000000,7
13980000.000000,19
13982000.000000,5
13984000.000000,-19
13986000.000000,-10
13988000.000000,7
13990000.000000,-1
13992000.000000,11
13994000.000000,26
13996000.000000,3
13998000.000000,-27
14000000.000000,-22
14002000.000000,3
14004000.000000,19
14006000.000000,10
14008000.000000,-5
14010000.000000,-19
14012000.000000,-10
14014000.000000,-1
14016000.000000,15
14018000.000000,19
14020000.000000,-22
14022000.000000,-23
14024000.000000,-3
14026000.000000,5
14028000.000000,11
14030000.000000,18
14032000.000000,-7
14034000.000000,-20
14036000.000000,-23
14038000.000000,-16
14040000.000000,13
14042000.000000,38
14044000.000000,7
14046000.000000,-18
14048000.000000,-29
14050000.000000,-26
14052000.000000,16
14054000.000000,19
14056000.000000,-1
14058000.000000,-24
14060000.000000,-18
14062000.000000,5
14064000.000000,10
14066000.000000,-1
14068000.000000,-4
14070000.000000,0
14072000.000000,-14
14074000.000000,-29
14076000.000000,-1
14078000.000000,36
14080000.000000,25
14082000.000000,-16
14084000.000000,-50
14086000.000000,-20
14088000.000000,29
14090000.000000,36
14092000.000000,2
14094000.000000,-28
14096000.000000,-18
14098000.000000,-5
14100000.000000,17
14102000.000000,27
14104000.000000,-6
14106000.000000,-3
14108000.000000,2
14110000.000000,-2
14112000.000000,-10
14114000.000000,0
14116000.000000,13
14118000.000000,6
14120000.000000,4
14122000.000000,-18
14124000.000000,-1
14126000.000000,22
14128000.000000,21
14130000.000000,-2
14132000.000000,-20
14134000.000000,-29
14136000.000000,15
14138000.000000,28
14140000.000000,6
14142000.000000,0
14144000.000000,-6
14146000.000000,2
14148000.000000,-1
14150000.000000,5
14152000.000000,-9
14154000.000000,1
14156000.000000,14
14158000.000000,4
14160000.000000,13
14162000.000000,8
14164000.000000,-1
14166000.000000,-6
14168000.000000,-17
14170000.000000,-1
14172000.000000,14
14174000.000000,20
14176000.000000,3
14178000.000000,-8
14180000.000000,-1
14182000.000000,-2
14184000.000000,2
14186000.000000,3
14188000.000000,5
14190000.000000,4
14192000.000000,0
14194000.000000,-5
14196000.000000,5
14198000.000000,15
14200000.000000,4
14202000.000000,-14
14204000.000000,-18
14206000.000000,-13
14208000.000000,18
14210000.000000,22
14212000.000000,-10
14214000.000000,-17
14216000.000000,-19
14218000.000000,-3
14220000.000000,14
14222000.000000,30
14224000.000000,-19
14226000.000000,-26
14228000.000000,-6
14230000.000000,-5
14232000.000000,5
14234000.000000,8
14236000.000000,9
14238000.000000,-7
14240000.000000,-26
14242000.000000,-26
14244000.000000,17
14246000.000000,46
14248000.000000,12
14250000.000000,-37
14252000.000000,-36
14254000.000000,-4
14256000.000000,35
14258000.000000,24
14260000.000000,-10
14262000.000000,-21
14264000.000000,-11
14266000.000000,-1
14268000.000000,3
14270000.000000,6
14272000.000000,14
14274000.000000,17
14276000.000000,-10
14278000.000000,-36
14280000.000000,-6
14282000.000000,39
14284000.000000,22
14286000.000000,-7
14288000.000000,-23
14290000.000000,-20
14292000.000000,5
14294000.000000,41
14296000.000000,22
14298000.000000,-27
14300000.000000,-36
14302000.000000,-9
14304000.000000,28
14306000.000000,17
14308000.000000,-11
14310000.000000,3
14312000.000000,12
14314000.000000,-22
14316000.000000,-20
14318000.000000,11
14320000.000000,39
14322000.000000,7
14324000.000000,-13
14326000.000000,-25
14328000.000000,3
14330000.000000,22
14332000.000000,4
14334000.000000,13
14336000.000000,-5
14338000.000000,-24
14340000.000000,1
14342000.000000,26
14344000.000000,17
14346000.000000,-7
14348000.000000,-7
14350000.000000,-17
14352000.000000,-16
14354000.000000,11
14356000.000000,32
14358000.000000,14
14360000.000000,-25
14362000.000000,-25
14364000.000000,10
14366000.000000,23
14368000.000000,-4
14370000.000000,-13
14372000.000000,-8
14374000.000000,5
14376000.000000,13
14378000.000000,12
14380000.000000,-7
14382000.000000,-27
14384000.000000,-9
14386000.000000,-4
14388000.000000,7
14390000.000000,10
14392000.000000,12
14394000.000000,3
14396000.000000,-9
14398000.000000,-41
14400000.000000,-8
14402000.000000,32
14404000.000000,1
14406000.000000,-11
14408000.000000,-14
14410000.000000,0
14412000.000000,0
14414000.000000,4
14416000.000000,-10
14418000.000000,-14
14420000.000000,-12
14422000.000000,-7
14424000.000000,16
14426000.000000,12
14428000.000000,-7
14430000.000000,-4
14432000.000000,-6
14434000.000000,-26
14436000.000000,-1
14438000.000000,25
14440000.000000,22
14442000.000000,-15
14444000.000000,-34
14446000.000000,-20
14448000.000000,15
14450000.000000,39
14452000.000000,5
14454000.000000,-22
14456000.000000,-22
14458000.000000,-3
14460000.000000,7
14462000.000000,5
14464000.000000,4
14466000.000000,6
14468000.000000,1
14470000.000000,-17
14472000.000000,-7
14474000.000000,26
14476000.000000,25
14478000.000000,-3
14480000.000000,-24
14482000.000000,-27
14484000.000000,2
14486000.000000,40
14488000.000000,33
14490000.000000,9
14492000.000000,-18
14494000.000000,-33
14496000.000000,-11
14498000.000000,29
14500000.000000,27
14502000.000000,8
14504000.000000,-2
14506000.000000,-26
14508000.000000,-1
14510000.000000,26
14512000.000000,22
14514000.000000,5
14516000.000000,-23
14518000.000000,-19
14520000.000000,15
14522000.000000,35
14524000.000000,11
14526000.000000,0
14528000.000000,-4
14530000.000000,-17
14532000.000000,-12
14534000.000000,20
14536000.000000,29
14538000.000000,13
14540000.000000,-1
14542000.000000,-11
14544000.000000,-20
14546000.000000,-11
14548000.000000,29
14550000.000000,38
14552000.000000,-4
14554000.000000,-44
14556000.000000,-19
14558000.000000,35
14560000.000000,20
14562000.000000,-5
14564000.000000,-14
14566000.000000,-7
14568000.000000,-7
14570000.000000,18
14572000.000000,13
14574000.000000,-9
14576000.000000,-9
14578000.000000,-13
14580000.000000,13
14582000.000000,0
14584000.000000,-1
14586000.000000,9
14588000.000000,15
14590000.000000,-16
14592000.000000,-31
14594000.000000,10
14596000.000000,11
14598000.000000,4
14600000.000000,-5
14602000.000000,-8
14604000.000000,-1
14606000.000000,9
14608000.000000,-2
14610000.000000,-1
14612000.000000,-11
14614000.000000,-9
14616000.000000,-2
14618000.000000,15
14620000.000000,5
14622000.000000,0
14624000.000000,-9
14626000.000000,-21
14628000.000000,-12
14630000.000000,8
14632000.000000,13
14634000.000000,19
14636000.000000,-15
14638000.000000,-28
14640000.000000,-10
14642000.000000,18
14644000.000000,10
14646000.000000,-17
14648000.000000,-12
14650000.000000,-8
14652000.000000,6
14654000.000000,10
14656000.000000,12
14658000.000000,-12
14660000.000000,-12
14662000.000000,-13
14664000.000000,-1
14666000.000000,22
14668000.000000,18
14670000.000000,11
14672000.000000,-14
14674000.000000,-33
14676000.000000,-16
14678000.000000,44
14680000.000000,26
14682000.000000,-2
14684000.000000,-18
14686000.000000,-12
14688000.000000,9
14690000.000000,11
14692000.000000,10
14694000.000000,15
14696000.000000,7
14698000.000000,-32
14700000.000000,-18
14702000.000000,29
14704000.000000,34
14706000.000000,12
14708000.000000,-19
14710000.000000,-40
14712000.000000,-11
14714000.000000,21
14716000.000000,31
14718000.000000,25
14720000.000000,-16
14722000.000000,-34
14724000.000000,-14
14726000.000000,24
14728000.000000,15
14730000.000000,-16
14732000.000000,-3
14734000.000000,3
14736000.000000,-2
14738000.000000,-8
14740000.000000,-1
14742000.000000,23
14744000.000000,11
14746000.000000,-23
14748000.000000,-43
14750000.000000,5
14752000.000000,38
14754000.000000,37
14756000.000000,-6
14758000.000000,-36
14760000.000000,-28
14762000.000000,15
14764000.000000,24
14766000.000000,4
14768000.000000,5
14770000.000000,-21
14772000.000000,-7
14774000.000000,4
14776000.000000,8
14778000.000000,8
14780000.000000,13
14782000.000000,-18
14784000.000000,-23
14786000.000000,5
14788000.000000,11
14790000.000000,15
14792000.000000,-3
14794000.000000,-8
14796000.000000,-18
14798000.000000,5
14800000.000000,9
14802000.000000,17
14804000.000000,1
14806000.000000,-23
14808000.000000,-12
14810000.000000,1
14812000.000000,0
14814000.000000,11
14816000.000000,12
14818000.000000,1
14820000.000000,-15
14822000.000000,-13
14824000.000000,5
14826000.000000,19
14828000.000000,-9
14830000.000000,-26
14832000.000000,-7
14834000.000000,32
14836000.000000,20
14838000.000000,-7
14840000.000000,1
14842000.000000,-16
14844000.000000,-10
14846000.000000,6
14848000.000000,26
14850000.000000,9
14852000.000000,7
14854000.000000,3
14856000.000000,-9
14858000.000000,-11
14860000.000000,-5
14862000.000000,27
14864000.000000,13
14866000.000000,-24
14868000.000000,-14
14870000.000000,41
14872000.000000,27
14874000.000000,-7
14876000.000000,-30
14878000.000000,-17
14880000.000000,8
14882000.000000,28
14884000.000000,13
14886000.000000,0
14888000.000000,3
14890000.000000,-16
14892000.000000,-8
14894000.000000,-4
14896000.000000,8
14898000.000000,24
14900000.000000,13
14902000.000000,-14
14904000.000000,-31
14906000.000000,1
14908000.000000,28
14910000.000000,29
14912000.000000,-6
14914000.000000,-38
14916000.000000,-16
14918000.000000,21
14920000.000000,40
14922000.000000,18
14924000.000000,-25
14926000.000000,-28
14928000.000000,-1
14930000.000000,18
14932000.000000,11
14934000.000000,4
14936000.000000,17
14938000.000000,-1
14940000.000000,-40
14942000.000000,-15
14944000.000000,12
14946000.000000,33
14948000.000000,18
14950000.000000,-24
14952000.000000,-26
14954000.000000,-3
14956000.000000,12
14958000.000000,9
14960000.000000,6
14962000.000000,-23
14964000.000000,-24
14966000.000000,1
14968000.000000,14
14970000.000000,12
14972000.000000,5
14974000.000000,-26
14976000.000000,-30
14978000.000000,-11
14980000.000000,13
14982000.000000,35
14984000.000000,9
14986000.000000,-29
14988000.000000,-34
14990000.000000,-1
14992000.000000,3
14994000.000000,12
14996000.000000,20
14998000.000000,-5
15000000.000000,-20
15002000.000000,-16
15004000.000000,5
15006000.000000,3
15008000.000000,2
15010000.000000,4
15012000.000000,0
15014000.000000,-8
15016000.000000,-15
15018000.000000,24
15020000.000000,23
15022000.000000,-14
15024000.000000,-33
15026000.000000,-3
15028000.000000,22
15030000.000000,5
15032000.000000,6
15034000.000000,-8
15036000.000000,-8
15038000.000000,-9
15040000.000000,0
15042000.000000,2
15044000.000000,10
15046000.000000,6
15048000.000000,9
15050000.000000,-4
15052000.000000,-18
15054000.000000,6
15056000.000000,25
15058000.000000,-7
15060000.000000,-35
15062000.000000,20
15064000.000000,32
15066000.000000,16
15068000.000000,-10
15070000.000000,-21
15072000.000000,-12
15074000.000000,5
15076000.000000,15
15078000.000000,11
15080000.000000,9
15082000.000000,-13
15084000.000000,-1
15086000.000000,19
15088000.000000,4
15090000.000000,-15
15092000.000000,-2
15094000.000000,15
15096000.000000,13
15098000.000000,-8
15100000.000000,-5
15102000.000000,21
15104000.000000,21
15106000.000000,-11
15108000.000000,-24
15110000.000000,-7
15112000.000000,27
15114000.000000,27
15116000.000000,12
15118000.000000,-37
15120000.000000,-26
15122000.000000,12
15124000.000000,37
15126000.000000,28
15128000.000000,-3
15130000.000000,-19
15132000.000000,-19
15134000.000000,10
15136000.000000,5
15138000.000000,9
15140000.000000,16
15142000.000000,-6
15144000.000000,-23
15146000.000000,-6
15148000.000000,7
15150000.000000,11
15152000.000000,12
15154000.000000,-26
15156000.000000,-22
15158000.000000,-15
15160000.000000,21
15162000.000000,30
15164000.000000,23
15166000.000000,-27
15168000.000000,-35
15170000.000000,-18
15172000.000000,-2
15174000.000000,32
15176000.000000,37
15178000.000000,-6
15180000.000000,-32
15182000.000000,-11
15184000.000000,11
15186000.000000,22
15188000.000000,5
15190000.000000,-14
15192000.000000,-19
15194000.000000,-5
15196000.000000,24
15198000.000000,21
15200000.000000,7
15202000.000000,-20
15204000.000000,-23
15206000.000000,-6
15208000.000000,-2
15210000.000000,16
15212000.000000,21
15214000.000000,12
15216000.000000,-18
15218000.000000,-28
15220000.000000,-10
15222000.000000,14
15224000.000000,29
15226000.000000,-2
15228000.000000,-14
15230000.000000,-12
15232000.000000,6
15234000.000000,2
15236000.000000,16
15238000.000000,-2
15240000.000000,-1
15242000.000000,-2
15244000.000000,-13
15246000.000000,12
15248000.000000,22
15250000.000000,10
15252000.000000,-18
15254000.000000,-11
15256000.000000,-6
15258000.000000,15
15260000.000000,30
15262000.000000,2
15264000.000000,-12
15266000.000000,-11
15268000.000000,-1
15270000.000000,15
15272000.000000,17
15274000.000000,-9
15276000.000000,-13
15278000.000000,8
15280000.000000,16
15282000.000000,4
15284000.000000,-5
15286000.000000,-13
15288000.000000,-5
15290000.000000,9
15292000.000000,-5
15294000.000000,-1
15296000.000000,13
15298000.000000,9
15300000.000000,-13
15302000.000000,-29
15304000.000000,-1
15306000.000000,15
15308000.000000,20
15310000.000000,-6
15312000.000000,-18
15314000.000000,-7
15316000.000000,-3
15318000.000000,10
15320000.000000,12
15322000.000000,-20
15324000.000000,-35
15326000.000000,7
15328000.000000,23
15330000.000000,16
15332000.000000,-10
15334000.000000,-16
15336000.000000,-28
15338000.000000,-2
15340000.000000,11
15342000.000000,20
15344000.000000,26
15346000.000000,-30
15348000.000000,-18
15350000.000000,-1
15352000.000000,-2
15354000.000000,4
15356000.000000,17
15358000.000000,9
15360000.000000,-15
15362000.000000,-16
15364000.000000,-6
15366000.000000,17
15368000.000000,13
15370000.000000,-13
15372000.000000,-19
15374000.000000,-4
15376000.000000,-4
15378000.000000,12
15380000.000000,37
15382000.000000,5
15384000.000000,-39
15386000.000000,-37
15388000.000000,2
15390000.000000,29
15392000.000000,26
15394000.000000,8
15396000.000000,-21
15398000.000000,-16
15400000.000000,-12
15402000.000000,10
15404000.000000,11
15406000.000000,1
15408000.000000,-11
15410000.000000,5
15412000.000000,-5
15414000.000000,-2
15416000.000000,27
15418000.000000,16
15420000.000000,-20
15422000.000000,-38
15424000.000000,-3
15426000.000000,37
15428000.000000,49
15430000.000000,0
15432000.000000,-19
15434000.000000,-12
15436000.000000,-16
15438000.000000,5
15440000.000000,27
15442000.000000,25
15444000.000000,-14
15446000.000000,-8
15448000.000000,-11
15450000.000000,6
15452000.000000,14
15454000.000000,10
15456000.000000,14
15458000.000000,-13
15460000.000000,-21
15462000.000000,9
15464000.000000,33
15466000.000000,5
15468000.000000,-23
15470000.000000,-12
15472000.000000,1
15474000.000000,20
15476000.000000,12
15478000.000000,-1
15480000.000000,-14
15482000.000000,-4
15484000.000000,-4
15486000.000000,-2
15488000.000000,11
15490000.000000,7
15492000.000000,-2
15494000.000000,3
15496000.000000,-4
15498000.000000,-26
15500000.000000,-3
15502000.000000,11
15504000.000000,0
15506000.000000,-15
15508000.000000,-3
15510000.000000,18
15512000.000000,3
15514000.000000,-13
15516000.000000,-23
15518000.000000,2
15520000.000000,-19
15522000.000000,2
15524000.000000,28
15526000.000000,16
15528000.000000,-14
15530000.000000,-24
15532000.000000,-13
15534000.000000,3
15536000.000000,7
15538000.000000,-4
15540000.000000,-3
15542000.000000,-10
15544000.000000,6
15546000.000000,11
15548000.000000,8
15550000.000000,-34
15552000.000000,-22
15554000.000000,13
15556000.000000,-2
15558000.000000,11
15560000.000000,14
15562000.000000,11
15564000.000000,-24
15566000.000000,-29
15568000.000000,1
15570000.000000,10
15572000.000000,24
15574000.000000,10
15576000.000000,-2
15578000.000000,-25
15580000.000000,-26
15582000.000000,17
15584000.000000,34
15586000.000000,7
15588000.000000,-34
15590000.000000,-8
15592000.000000,6
15594000.000000,15
15596000.000000,12
15598000.000000,11
15600000.000000,-21
15602000.000000,-18
15604000.000000,-3
15606000.000000,21
15608000.000000,33
15610000.000000,8
15612000.000000,-12
15614000.000000,-19
15616000.000000,-14
15618000.000000,1
15620000.000000,45
15622000.000000,12
15624000.000000,-8
15626000.000000,-14
15628000.000000,-8
15630000.000000,1
15632000.000000,5
15634000.000000,23
15636000.000000,3
15638000.000000,-15
15640000.000000,-27
15642000.000000,16
15644000.000000,27
15646000.000000,-6
15648000.000000,-14
15650000.000000,-9
15652000.000000,-10
15654000.000000,-3
15656000.000000,21
15658000.000000,24
15660000.000000,4
15662000.000000,-30
15664000.000000,-31
15666000.000000,5
15668000.000000,21
15670000.000000,19
15672000.000000,8
15674000.000000,3
15676000.000000,-31
15678000.000000,-24
15680000.000000,28
15682000.000000,25
15684000.000000,-4
15686000.000000,-14
15688000.000000,8
15690000.000000,-5
15692000.000000,7
15694000.000000,8
15696000.000000,1
15698000.000000,-20
15700000.000000,-19
15702000.000000,26
15704000.000000,20
15706000.000000,-21
15708000.000000,-13
15710000.000000,21
15712000.000000,-12
15714000.000000,-44
15716000.000000,-12
15718000.000000,44
15720000.000000,20
15722000.000000,-14
15724000.000000,-32
15726000.000000,-6
15728000.000000,24
15730000.000000,-11
15732000.000000,-7
15734000.000000,-17
15736000.000000,-6
15738000.000000,8
15740000.000000,27
15742000.000000,8
15744000.000000,-30
15746000.000000,-17
15748000.000000,-3
15750000.000000,6
15752000.000000,5
15754000.000000,-1
15756000.000000,8
15758000.000000,-1
15760000.000000,-14
15762000.000000,2
15764000.000000,12
15766000.000000,-11
15768000.000000,-2
15770000.000000,5
15772000.000000,8
15774000.000000,-1
15776000.000000,22
15778000.000000,17
15780000.000000,-16
15782000.000000,-18
15784000.000000,-5
15786000.000000,25
15788000.000000,21
15790000.000000,5
15792000.000000,-9
15794000.000000,2
15796000.000000,-14
15798000.000000,-12
15800000.000000,32
15802000.000000,30
15804000.000000,-8
15806000.000000,-32
15808000.000000,-3
15810000.000000,6
15812000.000000,28
15814000.000000,4
15816000.000000,-2
15818000.000000,-10
15820000.000000,-13
15822000.000000,14
15824000.000000,22
15826000.000000,0
15828000.000000,-12
15830000.000000,2
15832000.000000,-14
15834000.000000,-6
15836000.000000,18
15838000.000000,29
15840000.000000,12
15842000.000000,-29
15844000.000000,-30
15846000.000000,-2
15848000.000000,32
15850000.000000,14
15852000.000000,7
15854000.000000,-3
15856000.000000,-12
15858000.000000,-7
15860000.000000,9
15862000.000000,13
15864000.000000,-3
15866000.000000,-4
15868000.000000,-15
15870000.000000,-3
15872000.000000,19
15874000.000000,18
15876000.000000,12
15878000.000000,-21
15880000.000000,-31
15882000.000000,-37
15884000.000000,30
15886000.000000,42
15888000.000000,15
15890000.000000,-23
15892000.000000,-31
15894000.000000,-4
15896000.000000,18
15898000.000000,-4
15900000.000000,-20
15902000.000000,17
15904000.000000,8
15906000.000000,-2
15908000.000000,-18
15910000.000000,-10
15912000.000000,4
15914000.000000,7
15916000.000000,-11
15918000.000000,-30
15920000.000000,14
15922000.000000,15
15924000.000000,13
15926000.000000,-10
15928000.000000,-25
15930000.000000,-23
15932000.000000,4
15934000.000000,15
15936000.000000,17
15938000.000000,-6
15940000.000000,-24
15942000.000000,-4
15944000.000000,17
15946000.000000,0
15948000.000000,-29
