Frequency,Power
10950000.000000,133.469875
10952000.000000,480.356419
10954000.000000,137.447645
10956000.000000,247.216113
10958000.000000,563.217744
10960000.000000,324.746391
10962000.000000,479.362858
10964000.000000,287.046880
10966000.000000,153.705558
10968000.000000,306.848751
10970000.000000,562.046154
10972000.000000,302.889602
10974000.000000,655.164135
10976000.000000,535.393478
10978000.000000,310.599922
10980000.000000,738.744613
10982000.000000,4539.843226
10984000.000000,1134.658353
10986000.000000,682.540886
10988000.000000,843.080242
10990000.000000,477.973301
10992000.000000,1137.003419
10994000.000000,833.707856
10996000.000000,415.846841
10998000.000000,3007.017167
11000000.000000,1217.192593
11002000.000000,1879.809811
11004000.000000,4241.270864
11006000.000000,708.346723
11008000.000000,307.131687
11010000.000000,326.691477
11012000.000000,52.231762
11014000.000000,401.782582
11016000.000000,609.640852
11018000.000000,248.879900
11020000.000000,215.047370
11022000.000000,352.873336
11024000.000000,483.365667
11026000.000000,336.510539
11028000.000000,557.913982
11030000.000000,564.563671
11032000.000000,272.579605
11034000.000000,398.131877
11036000.000000,285.845009
11038000.000000,169.572152
11040000.000000,347.960757
11042000.000000,198.812113
11044000.000000,210.328877
11046000.000000,341.973955
11048000.000000,358.910288
11050000.000000,104.743753
11052000.000000,186.575983
11054000.000000,137.608383
11056000.000000,192.025378
11058000.000000,57.802253
11060000.000000,383.162357
11062000.000000,174.670641
11064000.000000,203.948765
11066000.000000,219.754785
11068000.000000,428.653564
11070000.000000,199.700287
11072000.000000,602.862955
11074000.000000,245.358938
11076000.000000,55.277208
11078000.000000,135.271056
11080000.000000,168.011705
11082000.000000,332.142134
11084000.000000,507.477840
11086000.000000,1017.707710
11088000.000000,770.857138
11090000.000000,565.863187
11092000.000000,113.553756
11094000.000000,287.122516
11096000.000000,86.433095
11098000.000000,547.042883
11100000.000000,403.621201
11102000.000000,8160.749843
11104000.000000,854.068619
11106000.000000,730.080565
11108000.000000,594.264473
11110000.000000,620.487733
11112000.000000,613.872883
11114000.000000,143.419279
11116000.000000,214.872473
11118000.000000,309.365093
11120000.000000,490.445437
11122000.000000,207.474277
11124000.000000,254.449664
11126000.000000,586.343899
11128000.000000,194.257666
11130000.000000,412.135399
11132000.000000,143.660815
11134000.000000,195.178911
11136000.000000,406.980764
11138000.000000,182.096732
11140000.000000,206.597469
11142000.000000,420.937481
11144000.000000,346.491671
11146000.000000,295.451770
11148000.000000,402.680352
11150000.000000,520.971871
11152000.000000,305.679904
11154000.000000,317.223146
11156000.000000,348.036156
11158000.000000,363.005605
11160000.000000,317.541675
11162000.000000,258.054619
11164000.000000,263.851388
11166000.000000,704.683103
11168000.000000,308.866819
11170000.000000,274.577856
11172000.000000,263.535711
11174000.000000,238.091608
11176000.000000,274.968031
11178000.000000,270.919198
11180000.000000,306.355260
11182000.000000,162.711762
11184000.000000,99.398921
11186000.000000,87.374917
11188000.000000,154.752413
11190000.000000,218.226069
11192000.000000,328.899964
11194000.000000,433.576240
11196000.000000,253.905817
11198000.000000,407.230114
11200000.000000,224.831821
11202000.000000,62.992790
11204000.000000,156.701553
11206000.000000,230.552917
11208000.000000,231.544471
11210000.000000,309.720359
11212000.000000,174.343104
11214000.000000,218.973088
11216000.000000,243.522052
11218000.000000,563.236437
11220000.000000,263.863647
11222000.000000,317.736951
11224000.000000,859.296322
11226000.000000,647.462702
11228000.000000,228.854855
11230000.000000,110.839161
11232000.000000,341.172897
11234000.000000,409.709056
11236000.000000,252.488575
11238000.000000,342.136883
11240000.000000,111.990753
11242000.000000,207.297677
11244000.000000,212.066049
11246000.000000,306.969738
11248000.000000,382.491055
11250000.000000,291.455273
11252000.000000,100.004712
11254000.000000,137.163806
11256000.000000,631.446398
11258000.000000,59.461933
11260000.000000,113.050585
11262000.000000,259.500806
11264000.000000,262.508849
11266000.000000,97.385286
11268000.000000,87.363110
11270000.000000,326.869183
11272000.000000,208.344159
11274000.000000,434.230230
11276000.000000,519.261458
11278000.000000,194.629486
11280000.000000,58.938126
11282000.000000,265.300789
11284000.000000,194.854468
11286000.000000,376.941377
11288000.000000,101.623506
11290000.000000,312.711491
11292000.000000,474.931650
11294000.000000,160.073211
11296000.000000,310.225094
11298000.000000,234.090829
11300000.000000,173.961635
11302000.000000,103.573465
11304000.000000,141.917990
11306000.000000,200.055423
11308000.000000,385.438456
11310000.000000,169.915421
11312000.000000,209.570093
11314000.000000,119.674623
11316000.000000,467.590743
11318000.000000,167.927753
11320000.000000,219.857345
11322000.000000,133.164421
11324000.000000,319.698474
11326000.000000,274.914028
11328000.000000,191.619998
11330000.000000,228.439443
11332000.000000,331.432734
11334000.000000,357.400499
11336000.000000,128.201393
11338000.000000,61.260442
11340000.000000,125.072237
11342000.000000,246.451043
11344000.000000,276.648904
11346000.000000,335.873819
11348000.000000,279.804135
11350000.000000,415.111497
11352000.000000,117.510871
11354000.000000,145.973863
11356000.000000,409.759651
11358000.000000,187.314341
11360000.000000,393.603656
11362000.000000,468.029736
11364000.000000,150.456416
11366000.000000,364.925683
11368000.000000,256.886362
11370000.000000,313.014517
11372000.000000,181.891609
11374000.000000,255.377055
11376000.000000,234.031405
11378000.000000,389.624785
11380000.000000,330.958201
11382000.000000,369.503073
11384000.000000,154.455521
11386000.000000,356.710986
11388000.000000,79.841206
11390000.000000,264.559919
11392000.000000,637.826308
11394000.000000,562.802560
11396000.000000,471.933204
11398000.000000,541.757187
11400000.000000,256.247733
11402000.000000,494.435412
11404000.000000,444.595167
11406000.000000,686.295771
11408000.000000,675.840056
11410000.000000,446.541201
11412000.000000,276.444231
11414000.000000,275.980173
11416000.000000,135.359572
11418000.000000,142.141302
11420000.000000,306.603106
11422000.000000,54.070842
11424000.000000,185.300027
11426000.000000,231.748642
11428000.000000,431.534563
11430000.000000,370.368906
11432000.000000,119.721778
11434000.000000,211.535953
11436000.000000,197.640283
11438000.000000,461.695478
11440000.000000,788.055380
11442000.000000,425.910360
11444000.000000,279.894249
11446000.000000,263.620921
11448000.000000,430.085621
11450000.000000,618.112838
11452000.000000,160.115609
11454000.000000,141.403046
11456000.000000,176.233868
11458000.000000,92.343554
11460000.000000,272.342547
11462000.000000,384.060153
11464000.000000,123.346974
11466000.000000,334.354589
11468000.000000,193.928450
11470000.000000,385.366611
11472000.000000,167.241604
11474000.000000,281.754880
11476000.000000,280.066043
11478000.000000,300.256785
11480000.000000,310.829382
11482000.000000,237.896724
11484000.000000,376.542642
11486000.000000,244.522735
11488000.000000,375.881965
11490000.000000,413.304151
11492000.000000,54.053319
11494000.000000,127.554575
11496000.000000,288.659868
11498000.000000,312.748133
11500000.000000,426.982957
11502000.000000,251.485736
11504000.000000,441.580617
11506000.000000,403.303784
11508000.000000,300.152181
11510000.000000,264.757058
11512000.000000,456.022974
11514000.000000,287.953068
11516000.000000,151.460811
11518000.000000,261.336882
11520000.000000,350.142874
11522000.000000,237.672863
11524000.000000,663.082712
11526000.000000,155.487189
11528000.000000,235.740746
11530000.000000,350.744692
11532000.000000,62.191810
11534000.000000,366.251619
11536000.000000,103.170807
11538000.000000,105.151717
11540000.000000,249.043565
11542000.000000,468.456740
11544000.000000,378.720964
11546000.000000,395.581078
11548000.000000,508.861254
11550000.000000,509.068963
11552000.000000,410.058635
11554000.000000,510.871333
11556000.000000,373.564802
11558000.000000,519.937911
11560000.000000,620.714685
11562000.000000,567.221284
11564000.000000,527.491201
11566000.000000,496.511458
11568000.000000,566.537567
11570000.000000,537.680150
11572000.000000,622.698605
11574000.000000,1344.418441
11576000.000000,3783.940192
11578000.000000,1012.670459
11580000.000000,244.062532
11582000.000000,62.372511
11584000.000000,814.132530
11586000.000000,1547.005799
11588000.000000,420.307329
11590000.000000,141.606562
11592000.000000,504.362573
11594000.000000,226.319200
11596000.000000,244.586512
11598000.000000,572.019792
11600000.000000,574.601931
11602000.000000,253.181908
11604000.000000,296.524846
11606000.000000,330.053244
11608000.000000,337.391494
11610000.000000,137.682018
11612000.000000,259.121971
11614000.000000,125.890788
11616000.000000,283.678503
11618000.000000,149.061865
11620000.000000,198.017985
11622000.000000,121.037942
11624000.000000,219.823860
11626000.000000,360.681984
11628000.000000,247.117564
11630000.000000,287.450163
11632000.000000,676.323560
11634000.000000,961.820336
11636000.000000,426.843472
11638000.000000,157.881603
11640000.000000,171.981749
11642000.000000,268.917210
11644000.000000,270.813497
11646000.000000,2073.059234
11648000.000000,588.323613
11650000.000000,327.463515
11652000.000000,386.796135
11654000.000000,357.547286
11656000.000000,528.697176
11658000.000000,380.324333
11660000.000000,570.813664
11662000.000000,537.666440
11664000.000000,283.789749
11666000.000000,329.932675
11668000.000000,389.554825
11670000.000000,443.371469
11672000.000000,205.711597
11674000.000000,618.792704
11676000.000000,428.695164
11678000.000000,1616.701324
11680000.000000,8226.229860
11682000.000000,1953.827345
11684000.000000,298.906988
11686000.000000,758.412797
11688000.000000,538.815226
11690000.000000,424.451660
11692000.000000,570.420202
11694000.000000,454.621681
11696000.000000,146.332812
11698000.000000,271.831936
11700000.000000,701.600800
11702000.000000,564.156028
11704000.000000,598.094833
11706000.000000,469.287306
11708000.000000,163.257447
11710000.000000,349.131190
11712000.000000,418.734386
11714000.000000,368.196918
11716000.000000,454.663388
11718000.000000,570.598709
11720000.000000,109.765295
11722000.000000,332.519101
11724000.000000,166.328783
11726000.000000,405.849007
11728000.000000,364.798639
11730000.000000,631.097700
11732000.000000,387.082450
11734000.000000,123.922657
11736000.000000,111.131572
11738000.000000,577.455153
11740000.000000,422.158814
11742000.000000,383.912484
11744000.000000,320.755334
11746000.000000,505.526566
11748000.000000,297.963132
11750000.000000,315.582165
11752000.000000,388.921621
11754000.000000,449.256171
11756000.000000,337.577677
11758000.000000,371.239581
11760000.000000,1231.732936
11762000.000000,867.848565
11764000.000000,469.023262
11766000.000000,484.003249
11768000.000000,363.712708
11770000.000000,363.224389
11772000.000000,306.473209
11774000.000000,324.726256
11776000.000000,353.524309
11778000.000000,467.762514
11780000.000000,684.230043
11782000.000000,516.021411
11784000.000000,626.878502
11786000.000000,490.873401
11788000.000000,302.550604
11790000.000000,463.344103
11792000.000000,525.685839
11794000.000000,494.161765
11796000.000000,604.563719
11798000.000000,492.644843
11800000.000000,639.117420
11802000.000000,521.288792
11804000.000000,334.262696
11806000.000000,346.967356
11808000.000000,307.265727
11810000.000000,445.554301
11812000.000000,501.021889
11814000.000000,561.031309
11816000.000000,565.897691
11818000.000000,546.914910
11820000.000000,262.747802
11822000.000000,403.218133
11824000.000000,630.630643
11826000.000000,160.604971
11828000.000000,629.036338
11830000.000000,764.205743
11832000.000000,458.181670
11834000.000000,340.544600
11836000.000000,617.532718
11838000.000000,363.693155
11840000.000000,569.540551
11842000.000000,741.802678
11844000.000000,546.620136
11846000.000000,658.362799
11848000.000000,560.416123
11850000.000000,440.113125
11852000.000000,647.624013
11854000.000000,831.143898
11856000.000000,646.540819
11858000.000000,590.913134
11860000.000000,719.920456
11862000.000000,1205.855253
11864000.000000,199.244608
11866000.000000,362.074991
11868000.000000,290.632621
11870000.000000,597.440892
11872000.000000,715.491345
11874000.000000,645.735341
11876000.000000,480.683729
11878000.000000,631.349937
11880000.000000,606.960279
11882000.000000,715.397544
11884000.000000,701.319158
11886000.000000,512.619530
11888000.000000,680.011395
11890000.000000,732.558286
11892000.000000,571.255486
11894000.000000,743.987620
11896000.000000,631.371501
11898000.000000,771.634611
11900000.000000,891.525708
11902000.000000,601.995072
11904000.000000,633.126004
11906000.000000,756.543466
11908000.000000,566.323233
11910000.000000,819.909856
11912000.000000,763.989526
11914000.000000,861.565433
11916000.000000,543.213669
11918000.000000,758.894968
11920000.000000,995.074653
11922000.000000,868.886764
11924000.000000,880.837239
11926000.000000,957.836340
11928000.000000,991.057774
11930000.000000,773.843984
11932000.000000,917.202422
11934000.000000,798.885703
11936000.000000,1052.633203
11938000.000000,1134.103936
11940000.000000,774.693282
11942000.000000,1294.491575
11944000.000000,1038.383058
11946000.000000,1082.209667
11948000.000000,1121.445293
11950000.000000,1137.535082
11952000.000000,972.431090
11954000.000000,1112.034827
11956000.000000,1330.053300
11958000.000000,1202.295302
11960000.000000,1317.757833
11962000.000000,1277.371420
11964000.000000,1319.836099
11966000.000000,1368.610321
11968000.000000,1416.117236
11970000.000000,1299.284820
11972000.000000,1464.532063
11974000.000000,1562.974590
11976000.000000,1780.345791
11978000.000000,1695.281561
11980000.000000,1513.235396
11982000.000000,1976.535831
11984000.000000,1786.443336
11986000.000000,2056.256634
11988000.000000,2192.466291
11990000.000000,2134.417669
11992000.000000,2416.131963
11994000.000000,2442.794377
11996000.000000,2563.755133
11998000.000000,2808.306294
12000000.000000,3177.176492
12002000.000000,3369.562316
12004000.000000,3327.467509
12006000.000000,3691.070586
12008000.000000,4439.271667
12010000.000000,4943.066204
12012000.000000,5770.136002
12014000.000000,6384.819163
12016000.000000,7786.483440
12018000.000000,9281.643209
12020000.000000,12664.184199
12022000.000000,21493.663315
12024000.000000,43313.864094
12026000.000000,40057.704057
12028000.000000,15302.006759
12030000.000000,5214.032730
12032000.000000,6717.939986
12034000.000000,43547.385085
12036000.000000,58925.326348
12038000.000000,19048.900107
12040000.000000,11736.546964
12042000.000000,9025.344397
12044000.000000,7251.971607
12046000.000000,5441.740881
12048000.000000,6503.749709
12050000.000000,9237.181860
12052000.000000,2308.566296
12054000.000000,2752.889902
12056000.000000,3328.477221
12058000.000000,2739.577320
12060000.000000,2583.832147
12062000.000000,2427.332290
12064000.000000,2202.628471
12066000.000000,1867.686041
12068000.000000,1898.785785
12070000.000000,3311.416374
12072000.000000,2203.674061
12074000.000000,1986.143492
12076000.000000,1627.350651
12078000.000000,1600.415957
12080000.000000,1357.299004
12082000.000000,1632.904124
12084000.000000,1526.005454
12086000.000000,2933.367541
12088000.000000,2611.123456
12090000.000000,963.825570
12092000.000000,627.255115
12094000.000000,728.595590
12096000.000000,1791.699689
12098000.000000,1324.973601
12100000.000000,1216.884196
12102000.000000,1203.633268
12104000.000000,1177.171260
12106000.000000,1569.847709
12108000.000000,1496.311971
12110000.000000,1086.640466
12112000.000000,2558.187876
12114000.000000,3302.847085
12116000.000000,1434.713808
12118000.000000,1636.627111
12120000.000000,1390.067235
12122000.000000,1432.694827
12124000.000000,1180.435137
12126000.000000,1184.884170
12128000.000000,883.550650
12130000.000000,1212.338327
12132000.000000,1056.903273
12134000.000000,1205.989417
12136000.000000,1141.980792
12138000.000000,1345.209548
12140000.000000,1584.855161
12142000.000000,1015.140013
12144000.000000,2464.888203
12146000.000000,1159.794273
12148000.000000,1626.876258
12150000.000000,3141.235487
12152000.000000,275.760411
12154000.000000,357.027372
12156000.000000,518.537696
12158000.000000,468.087609
12160000.000000,734.438087
12162000.000000,520.837732
12164000.000000,523.713874
12166000.000000,799.518853
12168000.000000,931.960169
12170000.000000,821.152784
12172000.000000,1787.953719
12174000.000000,4328.412407
12176000.000000,2725.936407
12178000.000000,359.794884
12180000.000000,462.657462
12182000.000000,75.886352
12184000.000000,170.178830
12186000.000000,248.982964
12188000.000000,443.263292
12190000.000000,111.432916
12192000.000000,221.055579
12194000.000000,652.974472
12196000.000000,142.356124
12198000.000000,420.545240
12200000.000000,3449.646342
12202000.000000,729.537211
12204000.000000,525.489516
12206000.000000,407.700141
12208000.000000,260.594986
12210000.000000,1651.931689
12212000.000000,731.894647
12214000.000000,559.037840
12216000.000000,728.140583
12218000.000000,285.184962
12220000.000000,409.861434
12222000.000000,579.722654
12224000.000000,183.298326
12226000.000000,349.866694
12228000.000000,375.948528
12230000.000000,457.287911
12232000.000000,559.045785
12234000.000000,563.238705
12236000.000000,527.292645
12238000.000000,687.303998
12240000.000000,293.659380
12242000.000000,643.741989
12244000.000000,374.604906
12246000.000000,1595.860463
12248000.000000,1183.806850
12250000.000000,6226.065499
12252000.000000,1335.742894
12254000.000000,436.641553
12256000.000000,1940.361956
12258000.000000,4758.598557
12260000.000000,3330.547694
12262000.000000,1415.869149
12264000.000000,1253.655966
12266000.000000,1111.168079
12268000.000000,1441.299676
12270000.000000,1522.518451
12272000.000000,631.564093
12274000.000000,2064.617540
12276000.000000,5791.638314
12278000.000000,1518.374856
12280000.000000,49407.263133
12282000.000000,5732.572139
12284000.000000,14747.289589
12286000.000000,13084.423169
12288000.000000,4193.065105
12290000.000000,671.957357
12292000.000000,1364.769089
12294000.000000,7798.068919
12296000.000000,9471.213544
12298000.000000,3301.037809
12300000.000000,2349.619851
12302000.000000,2081.542811
12304000.000000,1598.563057
12306000.000000,1143.939425
12308000.000000,1299.781258
12310000.000000,16442.557035
12312000.000000,1776.431228
12314000.000000,1539.193902
12316000.000000,1617.588103
12318000.000000,1160.361115
12320000.000000,1570.421591
12322000.000000,1045.879740
12324000.000000,709.714215
12326000.000000,606.350066
12328000.000000,899.206776
12330000.000000,599.484157
12332000.000000,852.145504
12334000.000000,786.283619
12336000.000000,823.687528
12338000.000000,726.640583
12340000.000000,490.208444
12342000.000000,471.430964
12344000.000000,587.863652
12346000.000000,602.202859
12348000.000000,716.586533
12350000.000000,784.724538
12352000.000000,1269.071153
12354000.000000,4406.654759
12356000.000000,4623.100938
12358000.000000,1668.003743
12360000.000000,1180.418801
12362000.000000,559.962800
12364000.000000,1225.612723
12366000.000000,2099.827786
12368000.000000,1192.198295
12370000.000000,1386.413192
12372000.000000,1583.556846
12374000.000000,2013.101197
12376000.000000,1368.219435
12378000.000000,619.133313
12380000.000000,254.467622
12382000.000000,482.591836
12384000.000000,503.024116
12386000.000000,515.980170
12388000.000000,698.653314
12390000.000000,674.450382
12392000.000000,1289.107889
12394000.000000,1658.695881
12396000.000000,712.507040
12398000.000000,541.211866
12400000.000000,554.169268
12402000.000000,974.587604
12404000.000000,1129.445680
12406000.000000,1280.206287
12408000.000000,1490.904269
12410000.000000,1981.916987
12412000.000000,3775.387422
12414000.000000,7939.126155
12416000.000000,8514.807518
12418000.000000,3346.815982
12420000.000000,1949.729128
12422000.000000,1472.822592
12424000.000000,1820.978102
12426000.000000,963.225965
12428000.000000,494.302693
12430000.000000,507.667790
12432000.000000,475.985463
12434000.000000,389.008277
12436000.000000,1564.671864
12438000.000000,395.376287
12440000.000000,314.675083
12442000.000000,63.100570
12444000.000000,325.106413
12446000.000000,332.455500
12448000.000000,274.873280
12450000.000000,4858.163081
12452000.000000,393.748782
12454000.000000,427.196811
12456000.000000,326.362094
12458000.000000,383.981889
12460000.000000,231.559238
12462000.000000,468.024225
12464000.000000,137.227103
12466000.000000,416.085289
12468000.000000,380.958051
12470000.000000,1195.046298
12472000.000000,492.043312
12474000.000000,756.555348
12476000.000000,73.767761
12478000.000000,111.522866
12480000.000000,241.315580
12482000.000000,69.114957
12484000.000000,89.986281
12486000.000000,186.848968
12488000.000000,193.815301
12490000.000000,456.430830
12492000.000000,727.383773
12494000.000000,501.090852
12496000.000000,838.892694
12498000.000000,449.435448
12500000.000000,183.537052
12502000.000000,778.007538
12504000.000000,289.424738
12506000.000000,27.930663
12508000.000000,71.396506
12510000.000000,489.055801
12512000.000000,233.313173
12514000.000000,1260.143498
12516000.000000,2944.765598
12518000.000000,998.029859
12520000.000000,13445.413111
12522000.000000,835.664264
12524000.000000,1330.512806
12526000.000000,938.171688
12528000.000000,363.364132
12530000.000000,196.554517
12532000.000000,187.224250
12534000.000000,229.429641
12536000.000000,746.328816
12538000.000000,261.512003
12540000.000000,714.520851
12542000.000000,559.514011
12544000.000000,861.237109
12546000.000000,1056.364824
12548000.000000,880.649096
12550000.000000,385.502642
12552000.000000,345.577059
12554000.000000,286.291072
12556000.000000,355.455429
12558000.000000,12.745094
12560000.000000,657.031139
12562000.000000,83.291191
12564000.000000,154.823888
12566000.000000,136.741776
12568000.000000,464.686447
12570000.000000,581.504256
12572000.000000,546.741096
12574000.000000,54.265131
12576000.000000,241.387604
12578000.000000,292.363713
12580000.000000,655.077506
12582000.000000,319.413223
12584000.000000,101.681205
12586000.000000,183.791861
12588000.000000,469.632687
12590000.000000,233.954375
12592000.000000,27.125826
12594000.000000,120.100922
12596000.000000,61.991015
12598000.000000,690.130630
12600000.000000,652.840460
12602000.000000,316.584578
12604000.000000,139.313502
12606000.000000,132.262587
12608000.000000,230.509729
12610000.000000,143.664639
12612000.000000,81.173215
12614000.000000,265.399147
12616000.000000,150.941111
12618000.000000,148.626951
12620000.000000,146.666833
12622000.000000,87.404548
12624000.000000,288.900397
12626000.000000,219.640029
12628000.000000,106.381569
12630000.000000,92.839372
12632000.000000,297.537422
12634000.000000,222.930530
12636000.000000,187.824402
12638000.000000,60.221484
12640000.000000,212.826491
12642000.000000,286.061856
12644000.000000,229.810841
12646000.000000,410.245603
12648000.000000,138.992403
12650000.000000,176.004228
12652000.000000,98.574026
12654000.000000,282.851143
12656000.000000,139.784485
12658000.000000,372.971421
12660000.000000,109.207536
12662000.000000,130.347070
12664000.000000,327.024656
12666000.000000,450.945173
12668000.000000,122.671434
12670000.000000,374.340076
12672000.000000,13.736677
12674000.000000,191.860070
12676000.000000,183.760049
12678000.000000,579.603127
12680000.000000,48.217923
12682000.000000,99.195907
12684000.000000,229.230884
12686000.000000,72.790219
12688000.000000,89.249240
12690000.000000,153.508354
12692000.000000,116.940826
12694000.000000,352.150154
12696000.000000,142.379732
12698000.000000,203.750227
12700000.000000,145.714791
12702000.000000,330.783252
12704000.000000,192.486933
12706000.000000,128.706650
12708000.000000,83.722383
12710000.000000,257.358605
12712000.000000,327.564885
12714000.000000,200.374346
12716000.000000,495.961488
12718000.000000,498.761897
12720000.000000,809.597957
12722000.000000,2636.640071
12724000.000000,2539.632135
12726000.000000,932.598878
12728000.000000,598.482778
12730000.000000,566.448437
12732000.000000,500.457961
12734000.000000,646.811515
12736000.000000,2043.322521
12738000.000000,543.624947
12740000.000000,94.853275
12742000.000000,129.801033
12744000.000000,175.465974
12746000.000000,230.164009
12748000.000000,137.049704
12750000.000000,227.953977
12752000.000000,219.226214
12754000.000000,224.018442
12756000.000000,196.636028
12758000.000000,379.383365
12760000.000000,292.309437
12762000.000000,510.688089
12764000.000000,937.356003
12766000.000000,1439.712416
12768000.000000,1894.739135
12770000.000000,856.044235
12772000.000000,497.398441
12774000.000000,496.621902
12776000.000000,428.372888
12778000.000000,512.263488
12780000.000000,163.555532
12782000.000000,327.075336
12784000.000000,260.888508
12786000.000000,1441.733868
12788000.000000,408.938062
12790000.000000,349.086355
12792000.000000,66.523425
12794000.000000,124.416681
12796000.000000,214.010923
12798000.000000,91.438203
12800000.000000,158.835499
12802000.000000,321.495796
12804000.000000,314.278497
12806000.000000,84.615992
12808000.000000,95.161927
12810000.000000,189.686866
12812000.000000,301.499942
12814000.000000,212.303562
12816000.000000,176.267083
12818000.000000,44.106959
12820000.000000,208.529970
12822000.000000,141.247059
12824000.000000,403.427427
12826000.000000,14.308890
12828000.000000,591.960411
12830000.000000,267.148295
12832000.000000,253.992417
12834000.000000,1110.129524
12836000.000000,2054.251760
12838000.000000,3431.137869
12840000.000000,912.716961
12842000.000000,705.718994
12844000.000000,579.394616
12846000.000000,207.800294
12848000.000000,357.819304
12850000.000000,226.645960
12852000.000000,379.027805
12854000.000000,273.646427
12856000.000000,131.246620
12858000.000000,487.134040
12860000.000000,290.756935
12862000.000000,188.546693
12864000.000000,230.881861
12866000.000000,184.087356
12868000.000000,281.060904
12870000.000000,100.959438
12872000.000000,111.952848
12874000.000000,398.413941
12876000.000000,194.342924
12878000.000000,269.191969
12880000.000000,215.984139
12882000.000000,187.656882
12884000.000000,308.801222
12886000.000000,75.741370
12888000.000000,128.065838
12890000.000000,282.301181
12892000.000000,170.450743
12894000.000000,235.805255
12896000.000000,180.406011
12898000.000000,106.820257
12900000.000000,178.084307
12902000.000000,410.151909
12904000.000000,272.630590
12906000.000000,277.109767
12908000.000000,275.881042
12910000.000000,48.712293
12912000.000000,223.767826
12914000.000000,238.297660
12916000.000000,133.270682
12918000.000000,187.042387
12920000.000000,490.781195
12922000.000000,112.164548
12924000.000000,239.089665
12926000.000000,45.526255
12928000.000000,222.664954
12930000.000000,75.710377
12932000.000000,199.188706
12934000.000000,222.299899
12936000.000000,178.957693
12938000.000000,259.554060
12940000.000000,29.225551
12942000.000000,162.262848
12944000.000000,301.174163
12946000.000000,203.653202
12948000.000000,226.897255
12950000.000000,61.410687
12952000.000000,379.777805
12954000.000000,387.227342
12956000.000000,183.560839
12958000.000000,242.644643
12960000.000000,252.223214
12962000.000000,512.745036
12964000.000000,428.595635
12966000.000000,288.156119
12968000.000000,420.544758
12970000.000000,507.780753
12972000.000000,428.645786
12974000.000000,239.115966
12976000.000000,294.058140
12978000.000000,702.980575
12980000.000000,1036.143971
12982000.000000,236.832476
12984000.000000,237.169610
12986000.000000,239.906664
12988000.000000,165.278567
12990000.000000,249.762886
12992000.000000,58.148977
12994000.000000,75.264764
12996000.000000,4204.071592
12998000.000000,547.655961
13000000.000000,273.899316
13002000.000000,168.313899
13004000.000000,138.788531
13006000.000000,196.506094
13008000.000000,521.193170
13010000.000000,1165.643012
13012000.000000,238.145029
13014000.000000,505.640365
13016000.000000,446.397513
13018000.000000,906.734880
13020000.000000,1824.525975
13022000.000000,2158.346169
13024000.000000,6401.541885
13026000.000000,323.402968
13028000.000000,281.996486
13030000.000000,176.845685
13032000.000000,219.895481
13034000.000000,422.827538
13036000.000000,349.707912
13038000.000000,99.336725
13040000.000000,285.162119
13042000.000000,486.695977
13044000.000000,308.354525
13046000.000000,487.546065
13048000.000000,1808.844876
13050000.000000,561.281040
13052000.000000,408.197479
13054000.000000,311.559798
13056000.000000,544.380352
13058000.000000,291.052717
13060000.000000,277.442552
13062000.000000,312.640723
13064000.000000,79.522617
13066000.000000,507.044107
13068000.000000,379.670156
13070000.000000,667.967666
13072000.000000,289.809165
13074000.000000,157.165598
13076000.000000,370.632451
13078000.000000,276.455842
13080000.000000,384.117355
13082000.000000,586.912928
13084000.000000,48.065546
13086000.000000,343.867385
13088000.000000,362.339529
13090000.000000,289.939203
13092000.000000,551.291138
13094000.000000,602.525421
13096000.000000,241.484621
13098000.000000,201.226284
13100000.000000,283.945704
13102000.000000,242.343422
13104000.000000,413.480887
13106000.000000,575.711295
13108000.000000,209.013249
13110000.000000,316.202816
13112000.000000,591.296727
13114000.000000,836.275430
13116000.000000,1961.246040
13118000.000000,476.792324
13120000.000000,243.354479
13122000.000000,147.835649
13124000.000000,479.080290
13126000.000000,1232.678285
13128000.000000,975.814860
13130000.000000,892.909212
13132000.000000,357.308792
13134000.000000,498.179006
13136000.000000,306.315701
13138000.000000,605.275513
13140000.000000,1244.289243
13142000.000000,663.490454
13144000.000000,481.980081
13146000.000000,111.089272
13148000.000000,440.487228
13150000.000000,97.112633
13152000.000000,211.554592
13154000.000000,225.820226
13156000.000000,154.825370
13158000.000000,76.846993
13160000.000000,291.702246
13162000.000000,359.240294
13164000.000000,140.909683
13166000.000000,98.966427
13168000.000000,241.438887
13170000.000000,249.748234
13172000.000000,340.826625
13174000.000000,230.295549
13176000.000000,392.522366
13178000.000000,206.075376
13180000.000000,85.346703
13182000.000000,133.559455
13184000.000000,294.286818
13186000.000000,774.155171
13188000.000000,116.243141
13190000.000000,53622.805078
13192000.000000,121.495866
13194000.000000,367.720961
13196000.000000,523.540602
13198000.000000,137.314210
13200000.000000,115.205739
13202000.000000,120.769198
13204000.000000,295.957363
13206000.000000,127.272280
13208000.000000,445.322553
13210000.000000,188.022550
13212000.000000,568.057515
13214000.000000,3471.474507
13216000.000000,400.458190
13218000.000000,1161.729770
13220000.000000,442.266730
13222000.000000,116.155935
13224000.000000,362.037283
13226000.000000,82.221968
13228000.000000,257.954759
13230000.000000,54.317869
13232000.000000,702.921284
13234000.000000,216.137989
13236000.000000,220.491080
13238000.000000,137.424873
13240000.000000,280.828925
13242000.000000,108.418151
13244000.000000,167.781424
13246000.000000,159.421348
13248000.000000,174.945919
13250000.000000,275.016092
13252000.000000,195.828856
13254000.000000,193.085973
13256000.000000,510.873655
13258000.000000,259.708153
13260000.000000,674.669248
13262000.000000,126.396047
13264000.000000,291.878000
13266000.000000,524.486430
13268000.000000,460.620839
13270000.000000,227.760889
13272000.000000,520.409474
13274000.000000,87.273592
13276000.000000,264.477555
13278000.000000,196.013406
13280000.000000,277.527308
13282000.000000,346.364580
13284000.000000,82.432424
13286000.000000,882.962935
13288000.000000,212.785454
13290000.000000,417.701588
13292000.000000,146.299309
13294000.000000,258.388849
13296000.000000,3478.405233
13298000.000000,180.601086
13300000.000000,132.318664
13302000.000000,267.701822
13304000.000000,87.390756
13306000.000000,194.230551
13308000.000000,255.295966
13310000.000000,406.421697
13312000.000000,70.840351
13314000.000000,438.268120
13316000.000000,268.371030
13318000.000000,193.143869
13320000.000000,129.436627
13322000.000000,211.211514
13324000.000000,62.204157
13326000.000000,180.205356
13328000.000000,162.260651
13330000.000000,325.355575
13332000.000000,850.086382
13334000.000000,2409.647363
13336000.000000,408.346485
13338000.000000,176.965063
13340000.000000,225.096321
13342000.000000,114.324296
13344000.000000,784.783787
13346000.000000,749.110859
13348000.000000,132.647406
13350000.000000,223.625772
13352000.000000,35.116752
13354000.000000,255.742519
13356000.000000,142.767591
13358000.000000,34.042814
13360000.000000,48.541178
13362000.000000,144.954912
13364000.000000,174.546888
13366000.000000,149.967961
13368000.000000,43.495451
13370000.000000,50.902933
13372000.000000,201.284524
13374000.000000,43.194496
13376000.000000,77.851341
13378000.000000,39.728094
13380000.000000,78.332864
13382000.000000,106.122392
13384000.000000,61.287967
13386000.000000,162.919099
13388000.000000,214.682586
13390000.000000,157.676349
13392000.000000,215.929589
13394000.000000,79.938376
13396000.000000,155.889648
13398000.000000,217.862099
13400000.000000,411.550656
13402000.000000,682.447312
13404000.000000,147.545542
13406000.000000,63.586328
13408000.000000,193.131635
13410000.000000,138.850157
13412000.000000,141.167598
13414000.000000,276.616851
13416000.000000,1944.342621
13418000.000000,465.310314
13420000.000000,515.147514
13422000.000000,295.741445
13424000.000000,559.616258
13426000.000000,220.248858
13428000.000000,219.114335
13430000.000000,167.947034
13432000.000000,659.356707
13434000.000000,995.561670
13436000.000000,2628.484791
13438000.000000,2007.401628
13440000.000000,888.418512
13442000.000000,335.934533
13444000.000000,375.696651
13446000.000000,93.283137
13448000.000000,400.505709
13450000.000000,59.998386
13452000.000000,138.575635
13454000.000000,396.816770
13456000.000000,172.992108
13458000.000000,72.237710
13460000.000000,129.175013
13462000.000000,43.624423
13464000.000000,95.301822
13466000.000000,129.177216
13468000.000000,161.366665
13470000.000000,190.700239
13472000.000000,128.194318
13474000.000000,194.063255
13476000.000000,221.288851
13478000.000000,113.862074
13480000.000000,163.066931
13482000.000000,48.672791
13484000.000000,53.965908
13486000.000000,120.028758
13488000.000000,180.829139
13490000.000000,122.023110
13492000.000000,61.438903
13494000.000000,128.529825
13496000.000000,277.966493
13498000.000000,939.392536
13500000.000000,584.236781
13502000.000000,209.766263
13504000.000000,237.619481
13506000.000000,173.597227
13508000.000000,118.572835
13510000.000000,158.948487
13512000.000000,277.642406
13514000.000000,118.976605
13516000.000000,120.422591
13518000.000000,50.322372
13520000.000000,39.820422
13522000.000000,87.494952
13524000.000000,58.172923
13526000.000000,112.404030
13528000.000000,34.650124
13530000.000000,351.247985
13532000.000000,176.690659
13534000.000000,63.568949
13536000.000000,73.271676
13538000.000000,280.075096
13540000.000000,70.563840
13542000.000000,170.842348
13544000.000000,204.711737
13546000.000000,430.543064
13548000.000000,145.007580
13550000.000000,95.397378
13552000.000000,104.391304
13554000.000000,141.147382
13556000.000000,34.568192
13558000.000000,80.323661
13560000.000000,68.624970
13562000.000000,61.769550
13564000.000000,140.368430
13566000.000000,189.394713
13568000.000000,86.833497
13570000.000000,278.659501
13572000.000000,310.894539
13574000.000000,161.305692
13576000.000000,182.564568
13578000.000000,228.067065
13580000.000000,186.462411
13582000.000000,170.195331
13584000.000000,135.849389
13586000.000000,174.627167
13588000.000000,185.022733
13590000.000000,173.826203
13592000.000000,101.947663
13594000.000000,197.194438
13596000.000000,193.949684
13598000.000000,288.646936
13600000.000000,102.513509
13602000.000000,12.511313
13604000.000000,186.095891
13606000.000000,56.788718
13608000.000000,133.006228
13610000.000000,102.388353
13612000.000000,194.780057
13614000.000000,152.193785
13616000.000000,145.006321
13618000.000000,360.249039
13620000.000000,304.602784
13622000.000000,216.366767
13624000.000000,456.015334
13626000.000000,1286.285074
13628000.000000,333.776389
13630000.000000,252.565314
13632000.000000,60.914104
13634000.000000,172.485697
13636000.000000,162.587440
13638000.000000,121.107550
13640000.000000,179.260977
13642000.000000,154.853731
13644000.000000,998.887761
13646000.000000,316.932944
13648000.000000,311.615159
13650000.000000,168.097587
13652000.000000,60.116712
13654000.000000,228.903261
13656000.000000,168.252042
13658000.000000,247.837501
13660000.000000,201.906915
13662000.000000,139.526647
13664000.000000,72.048101
13666000.000000,199.362335
13668000.000000,213.405580
13670000.000000,172.542992
13672000.000000,344.119160
13674000.000000,352.663795
13676000.000000,276.086931
13678000.000000,74.165970
13680000.000000,156.707852
13682000.000000,316.972239
13684000.000000,449.951668
13686000.000000,362.494236
13688000.000000,231.114888
13690000.000000,453.648382
13692000.000000,208.951068
13694000.000000,173.406424
13696000.000000,297.740988
13698000.000000,347.684098
13700000.000000,651.880762
13702000.000000,846.266619
13704000.000000,930.452211
13706000.000000,1203.059260
13708000.000000,2739.626895
13710000.000000,9452.809396
13712000.000000,5706.206038
13714000.000000,1872.175047
13716000.000000,1579.406142
13718000.000000,1096.465315
13720000.000000,969.025308
13722000.000000,582.158758
13724000.000000,519.467047
13726000.000000,437.720414
13728000.000000,354.061040
13730000.000000,599.253412
13732000.000000,406.539297
13734000.000000,516.508351
13736000.000000,423.648662
13738000.000000,500.494261
13740000.000000,423.144586
13742000.000000,434.740778
13744000.000000,366.716950
13746000.000000,396.799652
13748000.000000,257.098937
13750000.000000,389.224815
13752000.000000,230.351889
13754000.000000,510.635671
13756000.000000,251.124723
13758000.000000,356.242450
13760000.000000,13.966877
13762000.000000,307.754861
13764000.000000,418.379053
13766000.000000,191.493541
13768000.000000,295.464928
13770000.000000,270.325002
13772000.000000,387.288965
13774000.000000,269.498053
13776000.000000,300.801381
13778000.000000,239.151081
13780000.000000,152.277409
13782000.000000,187.512167
13784000.000000,461.024522
13786000.000000,299.036324
13788000.000000,6807.111437
13790000.000000,231.724432
13792000.000000,628.208704
13794000.000000,508.107505
13796000.000000,501.191958
13798000.000000,352.085411
13800000.000000,554.363520
13802000.000000,1625.831337
13804000.000000,2379.629337
13806000.000000,452.425115
13808000.000000,285.788790
13810000.000000,474.585824
13812000.000000,491.614987
13814000.000000,981.280197
13816000.000000,823.501641
13818000.000000,204.298026
13820000.000000,529.701561
13822000.000000,541.108098
13824000.000000,882.626100
13826000.000000,2469.601614
13828000.000000,707.463731
13830000.000000,2254.536602
13832000.000000,2802.929376
13834000.000000,1213.113102
13836000.000000,237.041500
13838000.000000,297.634012
13840000.000000,560.917094
13842000.000000,414.103040
13844000.000000,280.244520
13846000.000000,244.816798
13848000.000000,196.937201
13850000.000000,222.175643
13852000.000000,139.475809
13854000.000000,175.364885
13856000.000000,298.719759
13858000.000000,415.201582
13860000.000000,668.837173
13862000.000000,171.262965
13864000.000000,125.046747
13866000.000000,225.053952
13868000.000000,136.298218
13870000.000000,128.053689
13872000.000000,166.668142
13874000.000000,220.016489
13876000.000000,95.723726
13878000.000000,173.374916
13880000.000000,200.217712
13882000.000000,192.100180
13884000.000000,144.937318
13886000.000000,253.149718
13888000.000000,118.277176
13890000.000000,401.633212
13892000.000000,315.091066
13894000.000000,154.566585
13896000.000000,292.780246
13898000.000000,141.841408
13900000.000000,150.845927
13902000.000000,98.486870
13904000.000000,112.759277
13906000.000000,228.304632
13908000.000000,253.764098
13910000.000000,127.720495
13912000.000000,110.360850
13914000.000000,94.299291
13916000.000000,241.236569
13918000.000000,993.733949
13920000.000000,833.700731
13922000.000000,168.629204
13924000.000000,340.209321
13926000.000000,258.943042
13928000.000000,245.260242
13930000.000000,341.563129
13932000.000000,292.574948
13934000.000000,226.684067
13936000.000000,492.460396
13938000.000000,1048.904578
13940000.000000,665.925040
13942000.000000,256.076988
13944000.000000,273.964928
13946000.000000,69.134871
13948000.000000,234.991501
13950000.000000,200.561262
13952000.000000,109.141815
13954000.000000,188.107829
13956000.000000,53.052843
13958000.000000,226.891359
13960000.000000,115.147062
13962000.000000,161.049033
13964000.000000,186.650581
13966000.000000,215.929416
13968000.000000,285.710093
13970000.000000,218.437588
13972000.000000,78.659343
13974000.000000,66.506624
13976000.000000,378.947528
13978000.000000,60.351333
13980000.000000,337.002394
13982000.000000,191.945670
13984000.000000,676.576034
13986000.000000,624.675839
13988000.000000,2381.081188
13990000.000000,2544.404689
13992000.000000,601.579269
13994000.000000,611.778895
13996000.000000,484.846537
13998000.000000,845.056115
14000000.000000,401.298579
14002000.000000,297.644294
14004000.000000,379.661483
14006000.000000,209.813622
14008000.000000,44.831461
14010000.000000,162.874165
14012000.000000,249.285485
14014000.000000,198.886172
14016000.000000,279.754318
14018000.000000,205.745229
14020000.000000,260.970214
14022000.000000,120.155404
14024000.000000,185.715290
14026000.000000,115.963548
14028000.000000,235.706245
14030000.000000,323.642650
14032000.000000,254.656660
14034000.000000,173.850455
14036000.000000,190.168877
14038000.000000,79.702407
14040000.000000,343.551945
14042000.000000,313.063014
14044000.000000,437.446905
14046000.000000,370.635585
14048000.000000,304.011620
14050000.000000,20.161970
14052000.000000,197.002650
14054000.000000,155.494116
14056000.000000,440.279087
14058000.000000,370.515774
14060000.000000,281.094588
14062000.000000,107.440154
14064000.000000,63.502155
14066000.000000,263.725593
14068000.000000,310.053640
14070000.000000,139.689677
14072000.000000,276.261111
14074000.000000,487.255292
14076000.000000,1535.552943
14078000.000000,1727.824734
14080000.000000,534.729940
14082000.000000,646.711897
14084000.000000,404.312715
14086000.000000,127.786421
14088000.000000,350.483719
14090000.000000,142.190696
14092000.000000,186.290471
14094000.000000,369.270416
14096000.000000,380.309012
14098000.000000,200.118783
14100000.000000,403.083997
14102000.000000,246.322915
14104000.000000,164.285819
14106000.000000,313.233448
14108000.000000,180.233383
14110000.000000,157.084860
14112000.000000,281.603478
14114000.000000,71.268714
14116000.000000,129.844120
14118000.000000,372.127794
14120000.000000,315.735270
14122000.000000,365.101706
14124000.000000,176.225774
14126000.000000,47.541574
14128000.000000,250.594139
14130000.000000,34.835094
14132000.000000,239.868026
14134000.000000,188.612913
14136000.000000,262.467532
14138000.000000,230.091290
14140000.000000,228.507263
14142000.000000,364.667020
14144000.000000,36.308384
14146000.000000,227.332218
14148000.000000,167.672128
14150000.000000,291.688127
14152000.000000,162.514276
14154000.000000,211.790252
14156000.000000,175.669922
14158000.000000,181.154356
14160000.000000,320.136957
14162000.000000,315.061092
14164000.000000,276.869133
14166000.000000,224.293012
14168000.000000,152.971213
14170000.000000,199.343668
14172000.000000,301.762927
14174000.000000,194.105014
14176000.000000,20.276642
14178000.000000,395.220408
14180000.000000,88.334537
14182000.000000,220.753923
14184000.000000,144.664455
14186000.000000,208.857186
14188000.000000,45.849017
14190000.000000,59.185574
14192000.000000,178.026426
14194000.000000,349.023784
14196000.000000,217.209377
14198000.000000,245.118612
14200000.000000,241.409250
14202000.000000,258.193955
14204000.000000,167.302062
14206000.000000,396.533381
14208000.000000,213.674366
14210000.000000,342.647320
14212000.000000,192.137479
14214000.000000,170.248225
14216000.000000,145.602766
14218000.000000,103.747458
14220000.000000,190.466620
14222000.000000,153.699140
14224000.000000,43.317047
14226000.000000,126.746692
14228000.000000,107.607230
14230000.000000,322.126830
14232000.000000,164.334520
14234000.000000,290.130877
14236000.000000,283.552840
14238000.000000,161.021845
14240000.000000,139.313915
14242000.000000,410.963841
14244000.000000,282.520557
14246000.000000,146.617197
14248000.000000,123.382565
14250000.000000,336.103385
14252000.000000,391.257941
14254000.000000,116.642550
14256000.000000,719.155090
14258000.000000,419.179150
14260000.000000,244.388271
14262000.000000,214.751568
14264000.000000,213.457712
14266000.000000,326.735982
14268000.000000,265.133677
14270000.000000,324.226223
14272000.000000,223.858663
14274000.000000,205.917329
14276000.000000,398.678584
14278000.000000,452.973165
14280000.000000,620.354695
14282000.000000,450.922371
14284000.000000,9551.066163
14286000.000000,86.017379
14288000.000000,147.728212
14290000.000000,282.948116
14292000.000000,160.708642
14294000.000000,433.811713
14296000.000000,316.573482
14298000.000000,478.912763
14300000.000000,647.759024
14302000.000000,2041.088270
14304000.000000,1998.040306
14306000.000000,560.276192
14308000.000000,381.812835
14310000.000000,360.683934
14312000.000000,456.283727
14314000.000000,77.326430
14316000.000000,103.848944
14318000.000000,150.185364
14320000.000000,287.952950
14322000.000000,147.049760
14324000.000000,191.233322
14326000.000000,140.309606
14328000.000000,237.911644
14330000.000000,30.938294
14332000.000000,364.769730
14334000.000000,40.457054
14336000.000000,286.592159
14338000.000000,365.643526
14340000.000000,135.625093
14342000.000000,324.259005
14344000.000000,569.064622
14346000.000000,467.619354
14348000.000000,392.668109
14350000.000000,317.364745
14352000.000000,553.854370
14354000.000000,289.747041
14356000.000000,415.496890
14358000.000000,538.421154
14360000.000000,559.044423
14362000.000000,579.804493
14364000.000000,1412.055237
14366000.000000,5915.916474
14368000.000000,1495.724537
14370000.000000,608.275752
14372000.000000,386.189513
14374000.000000,183.438918
14376000.000000,87.134034
14378000.000000,334.595559
14380000.000000,88.749833
14382000.000000,211.221022
14384000.000000,231.891607
14386000.000000,434.233212
14388000.000000,234.309838
14390000.000000,1279.994625
14392000.000000,86.752604
14394000.000000,136.584277
14396000.000000,190.226636
14398000.000000,220.740485
14400000.000000,234.931505
14402000.000000,214.437775
14404000.000000,341.435853
14406000.000000,271.414748
14408000.000000,52.691590
14410000.000000,105.056477
14412000.000000,388.964465
14414000.000000,354.201823
14416000.000000,220.273962
14418000.000000,324.333640
14420000.000000,228.086736
14422000.000000,106.880197
14424000.000000,282.426261
14426000.000000,337.908495
14428000.000000,433.945040
14430000.000000,359.794160
14432000.000000,147.100401
14434000.000000,80.942970
14436000.000000,209.715176
14438000.000000,364.074714
14440000.000000,189.814595
14442000.000000,354.482125
14444000.000000,72.953860
14446000.000000,121.806770
14448000.000000,137.894878
14450000.000000,290.776448
14452000.000000,328.407795
14454000.000000,159.101611
14456000.000000,152.132920
14458000.000000,315.288979
14460000.000000,138.986674
14462000.000000,392.307477
14464000.000000,178.029619
14466000.000000,421.774859
14468000.000000,288.133888
14470000.000000,329.221422
14472000.000000,239.898842
14474000.000000,162.762530
14476000.000000,202.798014
14478000.000000,103.884762
14480000.000000,84.115843
14482000.000000,543.576871
14484000.000000,254.719397
14486000.000000,520.199980
14488000.000000,250.421410
14490000.000000,197.822196
14492000.000000,275.541992
14494000.000000,380.200227
14496000.000000,83.788320
14498000.000000,171.737661
14500000.000000,390.838735
14502000.000000,152.641419
14504000.000000,416.596700
14506000.000000,445.137411
14508000.000000,237.126445
14510000.000000,425.899472
14512000.000000,557.159380
14514000.000000,227.763029
14516000.000000,187.644922
14518000.000000,383.513363
14520000.000000,802.656614
14522000.000000,214.858858
14524000.000000,392.794304
14526000.000000,307.467128
14528000.000000,199.214997
14530000.000000,318.630534
14532000.000000,434.550096
14534000.000000,414.037540
14536000.000000,626.990925
14538000.000000,561.648146
14540000.000000,503.282917
14542000.000000,437.424878
14544000.000000,1215.956704
14546000.000000,691.346880
14548000.000000,458.529202
14550000.000000,678.825698
14552000.000000,703.124977
14554000.000000,1706.072352
14556000.000000,284.028052
14558000.000000,291.416536
14560000.000000,536.972841
14562000.000000,633.160492
14564000.000000,1695.337824
14566000.000000,2018.330768
14568000.000000,509.428858
14570000.000000,536.752230
14572000.000000,444.441299
14574000.000000,606.701179
14576000.000000,1641.408343
14578000.000000,362.768667
14580000.000000,340.795278
14582000.000000,94.157954
14584000.000000,67.496237
14586000.000000,125.538484
14588000.000000,267.099864
14590000.000000,803.208305
14592000.000000,1091.693336
14594000.000000,170.554707
14596000.000000,14.471929
14598000.000000,71.259180
14600000.000000,286.806515
14602000.000000,190.492748
14604000.000000,264.243827
14606000.000000,326.440721
14608000.000000,94.433840
14610000.000000,180.314498
14612000.000000,300.635468
14614000.000000,355.986541
14616000.000000,357.450477
14618000.000000,222.612955
14620000.000000,163.982614
14622000.000000,399.870483
14624000.000000,212.164580
14626000.000000,142.362871
14628000.000000,273.437884
14630000.000000,293.854316
14632000.000000,298.526368
14634000.000000,429.483453
14636000.000000,168.933142
14638000.000000,139.676894
14640000.000000,254.134020
14642000.000000,352.435783
14644000.000000,290.789836
14646000.000000,334.836780
14648000.000000,355.137087
14650000.000000,175.232873
14652000.000000,291.641145
14654000.000000,368.581540
14656000.000000,997.121770
14658000.000000,766.174848
14660000.000000,449.936621
14662000.000000,310.440042
14664000.000000,241.361749
14666000.000000,316.288857
14668000.000000,206.799573
14670000.000000,169.169782
14672000.000000,173.074419
14674000.000000,236.060062
14676000.000000,405.589394
14678000.000000,352.053408
14680000.000000,407.402586
14682000.000000,301.321250
14684000.000000,303.188188
14686000.000000,312.989183
14688000.000000,448.064526
14690000.000000,296.400555
14692000.000000,356.175662
14694000.000000,460.935289
14696000.000000,207.873874
14698000.000000,697.561676
14700000.000000,476.644690
14702000.000000,220.895583
14704000.000000,342.176303
14706000.000000,344.640335
14708000.000000,350.845721
14710000.000000,317.599371
14712000.000000,381.415872
14714000.000000,569.826910
14716000.000000,602.525593
14718000.000000,307.556115
14720000.000000,6198.739760
14722000.000000,1285.750100
14724000.000000,761.249620
14726000.000000,379.624525
14728000.000000,327.396811
14730000.000000,613.762424
14732000.000000,476.657274
14734000.000000,421.929469
14736000.000000,294.916375
14738000.000000,345.719518
14740000.000000,324.534784
14742000.000000,341.365496
14744000.000000,402.548485
14746000.000000,320.905138
14748000.000000,331.945833
14750000.000000,454.125747
14752000.000000,282.673074
14754000.000000,69.789952
14756000.000000,3861.234225
14758000.000000,7085.691012
14760000.000000,15206.259918
14762000.000000,3739.942953
14764000.000000,2530.663945
14766000.000000,901.658957
14768000.000000,838.446328
14770000.000000,3272.817133
14772000.000000,502.993597
14774000.000000,930.334377
14776000.000000,870.553909
14778000.000000,789.050900
14780000.000000,589.124639
14782000.000000,810.629888
14784000.000000,636.520521
14786000.000000,586.068541
14788000.000000,617.059308
14790000.000000,928.337496
14792000.000000,1013.449214
14794000.000000,889.662697
14796000.000000,549.217718
14798000.000000,766.750732
14800000.000000,597.643443
14802000.000000,842.680579
14804000.000000,870.191575
14806000.000000,764.486936
14808000.000000,932.229841
14810000.000000,3104.508118
14812000.000000,719.107283
14814000.000000,812.405926
14816000.000000,367.084666
14818000.000000,1583.840764
14820000.000000,1597.601436
14822000.000000,1848.313664
14824000.000000,4990.040650
14826000.000000,4725.148086
14828000.000000,1467.538618
14830000.000000,618.982547
14832000.000000,589.977994
14834000.000000,703.219453
14836000.000000,1076.598500
14838000.000000,3221.261972
14840000.000000,19967.650956
14842000.000000,1267.244903
14844000.000000,1268.424342
14846000.000000,1567.656027
14848000.000000,1336.649430
14850000.000000,1516.710994
14852000.000000,1652.931270
14854000.000000,1573.516578
14856000.000000,6102.590557
14858000.000000,3102.082603
14860000.000000,2956.028864
14862000.000000,330.934431
14864000.000000,560.187528
14866000.000000,547.047800
14868000.000000,577.079854
14870000.000000,925.695792
14872000.000000,834.209062
14874000.000000,1245.953621
14876000.000000,1340.009494
14878000.000000,1737.257252
14880000.000000,26049.266827
14882000.000000,3466.382793
14884000.000000,2512.935598
14886000.000000,2152.783333
14888000.000000,2693.253084
14890000.000000,6743.058936
14892000.000000,2308.882065
14894000.000000,2106.499202
14896000.000000,2242.081101
14898000.000000,2263.376839
14900000.000000,2989.504463
14902000.000000,2871.452215
14904000.000000,3599.428342
14906000.000000,3955.745869
14908000.000000,4642.574246
14910000.000000,7317.868604
14912000.000000,8633.857120
14914000.000000,21676.167762
14916000.000000,20006.344123
14918000.000000,5257.892142
14920000.000000,6363.165645
14922000.000000,10367.161256
14924000.000000,37549.238651
14926000.000000,45419.627707
14928000.000000,6457.206568
14930000.000000,6709.793877
14932000.000000,3100.533497
14934000.000000,3090.976216
14936000.000000,1632.317102
14938000.000000,1120.779419
14940000.000000,3565.194878
14942000.000000,1763.600739
14944000.000000,5361.855439
14946000.000000,6494.241283
14948000.000000,2672.822030
14950000.000000,2691.287043
14952000.000000,2820.860943
14954000.000000,2677.623605
14956000.000000,2267.086636
14958000.000000,4556.032695
14960000.000000,19922.684932
14962000.000000,5981.227521
14964000.000000,5296.026721
14966000.000000,6759.440482
14968000.000000,9159.144557
14970000.000000,12830.534310
14972000.000000,22149.542360
14974000.000000,67495.994180
14976000.000000,70917.442675
14978000.000000,23966.119929
14980000.000000,14412.628227
14982000.000000,10823.240685
14984000.000000,8429.879716
14986000.000000,7750.520162
14988000.000000,5890.948347
14990000.000000,5001.920757
14992000.000000,4366.589038
14994000.000000,4071.684774
14996000.000000,4085.706081
14998000.000000,3699.140837
15000000.000000,3417.521201
15002000.000000,2976.437938
15004000.000000,3173.616181
15006000.000000,2751.053867
15008000.000000,2896.927516
15010000.000000,2708.905717
15012000.000000,3117.453841
15014000.000000,2588.371512
15016000.000000,1567.550271
15018000.000000,927.207427
15020000.000000,2262.144156
15022000.000000,3471.123180
15024000.000000,3074.131073
15026000.000000,3074.530821
15028000.000000,3255.010633
15030000.000000,3564.242865
15032000.000000,3559.374440
15034000.000000,3963.363961
15036000.000000,4240.578134
15038000.000000,5265.135852
15040000.000000,7329.562027
15042000.000000,10593.684603
15044000.000000,28191.736335
15046000.000000,24968.312755
15048000.000000,9976.755441
15050000.000000,5303.949822
15052000.000000,4099.170821
15054000.000000,8160.025626
15056000.000000,7111.786186
15058000.000000,2300.769387
15060000.000000,1865.047955
15062000.000000,1670.366529
15064000.000000,1027.772560
15066000.000000,1106.170090
15068000.000000,1092.663719
15070000.000000,801.469727
15072000.000000,587.969229
15074000.000000,652.105775
15076000.000000,581.422381
15078000.000000,655.952404
15080000.000000,858.782950
15082000.000000,731.692856
15084000.000000,1686.197804
15086000.000000,1683.649632
15088000.000000,634.258923
15090000.000000,307.833311
15092000.000000,608.932847
15094000.000000,390.346275
15096000.000000,501.037040
15098000.000000,503.067679
15100000.000000,1070.455294
15102000.000000,699.198419
15104000.000000,746.906461
15106000.000000,596.953698
15108000.000000,625.050933
15110000.000000,547.261363
15112000.000000,940.943027
15114000.000000,1456.162396
15116000.000000,18436.156025
15118000.000000,21403.467570
15120000.000000,160312.120089
15122000.000000,5332.930926
15124000.000000,7551.681728
15126000.000000,3295.099938
15128000.000000,2398.415719
15130000.000000,5800.834989
15132000.000000,1863.453421
15134000.000000,1385.430926
15136000.000000,1797.804514
15138000.000000,1521.222934
15140000.000000,1833.446177
15142000.000000,2154.428589
15144000.000000,1064.818678
15146000.000000,2055.930425
15148000.000000,2383.135719
15150000.000000,2975.370103
15152000.000000,3501.902033
15154000.000000,4016.945496
15156000.000000,4959.723086
15158000.000000,6110.096035
15160000.000000,8868.978264
15162000.000000,12667.609016
15164000.000000,41614.931774
15166000.000000,47541.787428
15168000.000000,17222.337474
15170000.000000,8059.823229
15172000.000000,6524.468039
15174000.000000,4790.457824
15176000.000000,4227.427862
15178000.000000,3734.289969
15180000.000000,3222.269826
15182000.000000,2717.395182
15184000.000000,2449.374276
15186000.000000,2528.137810
15188000.000000,2194.883719
15190000.000000,1913.601887
15192000.000000,1870.321197
15194000.000000,1758.287705
15196000.000000,1757.783322
15198000.000000,1726.753484
15200000.000000,1478.391215
15202000.000000,1542.453553
15204000.000000,1404.064448
15206000.000000,1205.446853
15208000.000000,1445.849807
15210000.000000,1332.052308
15212000.000000,1055.784811
15214000.000000,1541.490698
15216000.000000,1232.351356
15218000.000000,1091.893340
15220000.000000,1168.022302
15222000.000000,1031.328428
15224000.000000,1110.748540
15226000.000000,961.585476
15228000.000000,695.252485
15230000.000000,938.261619
15232000.000000,1263.562061
15234000.000000,2722.674006
15236000.000000,1661.007731
15238000.000000,827.255916
15240000.000000,842.652172
15242000.000000,755.740339
15244000.000000,808.356307
15246000.000000,358.009652
15248000.000000,503.811366
15250000.000000,1038.281584
15252000.000000,906.643023
15254000.000000,2486.531216
15256000.000000,2879.662565
15258000.000000,1601.826912
15260000.000000,847.155848
15262000.000000,831.418501
15264000.000000,1025.728805
15266000.000000,531.309381
15268000.000000,1133.295021
15270000.000000,1203.619871
15272000.000000,1052.982235
15274000.000000,1669.745850
15276000.000000,1237.568594
15278000.000000,878.727843
15280000.000000,616.507056
15282000.000000,705.396205
15284000.000000,760.285217
15286000.000000,681.689102
15288000.000000,535.284144
15290000.000000,925.414708
15292000.000000,520.842244
15294000.000000,628.959679
15296000.000000,556.890888
15298000.000000,471.588409
15300000.000000,599.252631
15302000.000000,739.542124
15304000.000000,898.832250
15306000.000000,246.665446
15308000.000000,289.902623
15310000.000000,1550.730051
15312000.000000,627.688461
15314000.000000,669.985246
15316000.000000,510.142410
15318000.000000,490.939775
15320000.000000,585.306715
15322000.000000,631.829127
15324000.000000,728.348513
15326000.000000,649.538204
15328000.000000,664.679836
15330000.000000,675.972790
15332000.000000,934.970604
15334000.000000,1204.802528
15336000.000000,466.730054
15338000.000000,508.873816
15340000.000000,6591.322755
15342000.000000,30145.698363
15344000.000000,3285.990269
15346000.000000,682.637649
15348000.000000,677.634310
15350000.000000,246.417257
15352000.000000,330.861250
15354000.000000,91.341766
15356000.000000,899.530236
15358000.000000,523.232939
15360000.000000,3570.693856
15362000.000000,600.465541
15364000.000000,783.998602
15366000.000000,383.585461
15368000.000000,938.243495
15370000.000000,1838.557470
15372000.000000,432.773610
15374000.000000,154.716643
15376000.000000,508.753914
15378000.000000,458.110672
15380000.000000,308.407495
15382000.000000,407.221366
15384000.000000,331.495084
15386000.000000,339.832676
15388000.000000,196.724115
15390000.000000,218.508104
15392000.000000,516.704050
15394000.000000,202.176876
15396000.000000,825.121661
15398000.000000,513.477659
15400000.000000,29277.327596
15402000.000000,174.470201
15404000.000000,153.092732
15406000.000000,59.205304
15408000.000000,425.429554
15410000.000000,575.925390
15412000.000000,231.201787
15414000.000000,767.505628
15416000.000000,471.846234
15418000.000000,233.840426
15420000.000000,204.728002
15422000.000000,422.047174
15424000.000000,149.152246
15426000.000000,302.180890
15428000.000000,367.492473
15430000.000000,3425.682945
15432000.000000,677.514084
15434000.000000,716.116295
15436000.000000,493.290888
15438000.000000,401.547103
15440000.000000,610.931332
15442000.000000,199.581742
15444000.000000,395.699751
15446000.000000,575.356338
15448000.000000,319.131275
15450000.000000,538.964468
15452000.000000,689.129724
15454000.000000,289.626136
15456000.000000,248.946888
15458000.000000,631.926464
15460000.000000,61.698230
15462000.000000,722.997553
15464000.000000,569.468492
15466000.000000,505.491836
15468000.000000,510.935777
15470000.000000,459.160106
15472000.000000,271.190481
15474000.000000,212.549963
15476000.000000,283.239130
15478000.000000,313.288654
15480000.000000,490.359785
15482000.000000,303.957243
15484000.000000,628.698300
15486000.000000,1066.515646
15488000.000000,377.522577
15490000.000000,487.661497
15492000.000000,555.232117
15494000.000000,296.840113
15496000.000000,301.264829
15498000.000000,106.964020
15500000.000000,1478.865256
15502000.000000,796.200044
15504000.000000,801.837883
15506000.000000,531.159316
15508000.000000,743.784481
15510000.000000,778.340696
15512000.000000,670.289380
15514000.000000,711.210316
15516000.000000,912.716583
15518000.000000,1295.574817
15520000.000000,1954.264106
15522000.000000,3587.584646
15524000.000000,8409.787060
15526000.000000,1792.763374
15528000.000000,1442.746174
15530000.000000,843.174142
15532000.000000,967.334853
15534000.000000,1251.918220
15536000.000000,1019.799392
15538000.000000,1946.154557
15540000.000000,300.472170
15542000.000000,463.914344
15544000.000000,337.049115
15546000.000000,672.912967
15548000.000000,457.875637
15550000.000000,238.815922
15552000.000000,232.169414
15554000.000000,483.329089
15556000.000000,159.645401
15558000.000000,307.751762
15560000.000000,133.015724
15562000.000000,139.218986
15564000.000000,326.755042
15566000.000000,57.985825
15568000.000000,425.905232
15570000.000000,192.095211
15572000.000000,416.286847
15574000.000000,433.510570
15576000.000000,151.359754
15578000.000000,246.113829
15580000.000000,214.388555
15582000.000000,221.026990
15584000.000000,326.734015
15586000.000000,270.248728
15588000.000000,543.710186
15590000.000000,569.105339
15592000.000000,170.086206
15594000.000000,245.654608
15596000.000000,232.927705
15598000.000000,567.869925
15600000.000000,445.238367
15602000.000000,435.462093
15604000.000000,985.403881
15606000.000000,107.099598
15608000.000000,315.587425
15610000.000000,88.130962
15612000.000000,408.014151
15614000.000000,283.004931
15616000.000000,481.906737
15618000.000000,232.728080
15620000.000000,432.795132
15622000.000000,303.087790
15624000.000000,270.927404
15626000.000000,136.333836
15628000.000000,177.370150
15630000.000000,134.827085
15632000.000000,301.058796
15634000.000000,233.297269
15636000.000000,338.517688
15638000.000000,260.854011
15640000.000000,301.184493
15642000.000000,539.160300
15644000.000000,198.120807
15646000.000000,269.194315
15648000.000000,225.305828
15650000.000000,300.902908
15652000.000000,330.942308
15654000.000000,305.958012
15656000.000000,502.487417
15658000.000000,207.488165
15660000.000000,147.088563
15662000.000000,303.890305
15664000.000000,190.773575
15666000.000000,351.355550
15668000.000000,162.477516
15670000.000000,339.017039
15672000.000000,294.490856
15674000.000000,608.450415
15676000.000000,744.798686
15678000.000000,348.947834
15680000.000000,339.469411
15682000.000000,260.045272
15684000.000000,282.642939
15686000.000000,418.263882
15688000.000000,282.007312
15690000.000000,230.266728
15692000.000000,498.636127
15694000.000000,193.050978
15696000.000000,216.202063
15698000.000000,238.140514
15700000.000000,263.139164
15702000.000000,443.112187
15704000.000000,114.797354
15706000.000000,320.112733
15708000.000000,274.577306
15710000.000000,254.930946
15712000.000000,286.833716
15714000.000000,425.318380
15716000.000000,199.603068
15718000.000000,685.626678
15720000.000000,418.425384
15722000.000000,395.918453
15724000.000000,419.418771
15726000.000000,74.780536
15728000.000000,446.172118
15730000.000000,334.534700
15732000.000000,343.877705
15734000.000000,775.345287
15736000.000000,226.420723
15738000.000000,59.572708
15740000.000000,93.904918
15742000.000000,192.191441
15744000.000000,465.805713
15746000.000000,60.517607
15748000.000000,215.665226
15750000.000000,363.772570
15752000.000000,242.882201
15754000.000000,230.417978
15756000.000000,293.072415
15758000.000000,169.388536
15760000.000000,302.452550
15762000.000000,256.598493
15764000.000000,319.899693
15766000.000000,116.227907
15768000.000000,346.180880
15770000.000000,33.182469
15772000.000000,257.835936
15774000.000000,232.235173
15776000.000000,218.849426
15778000.000000,264.923864
15780000.000000,110.641038
15782000.000000,357.904218
15784000.000000,312.671711
15786000.000000,330.495593
15788000.000000,314.738897
15790000.000000,414.172436
15792000.000000,330.017508
15794000.000000,331.661669
15796000.000000,364.996104
15798000.000000,530.106522
15800000.000000,189.647243
15802000.000000,156.245620
15804000.000000,299.916768
15806000.000000,167.824817
15808000.000000,219.606160
15810000.000000,24.887864
15812000.000000,207.949172
15814000.000000,159.422069
15816000.000000,167.211079
15818000.000000,53.594848
15820000.000000,327.508934
15822000.000000,240.497772
15824000.000000,441.485984
15826000.000000,734.456087
15828000.000000,1213.306156
15830000.000000,7966.257373
15832000.000000,2175.769787
15834000.000000,951.501145
15836000.000000,826.744471
15838000.000000,607.631689
15840000.000000,437.299463
15842000.000000,268.500267
15844000.000000,457.736138
15846000.000000,378.596536
15848000.000000,318.380207
15850000.000000,426.751559
15852000.000000,1288.577096
15854000.000000,948.131238
15856000.000000,3320.770411
15858000.000000,2864.580095
15860000.000000,1246.065741
15862000.000000,681.824238
15864000.000000,578.943628
15866000.000000,472.704240
15868000.000000,374.032631
15870000.000000,390.910152
15872000.000000,354.529385
15874000.000000,341.165398
15876000.000000,484.816239
15878000.000000,508.217490
15880000.000000,388.162185
15882000.000000,568.526751
15884000.000000,463.500423
15886000.000000,890.224501
15888000.000000,260.319362
15890000.000000,432.185515
15892000.000000,316.296298
15894000.000000,171.517356
15896000.000000,709.185887
15898000.000000,296.889824
15900000.000000,328.861610
15902000.000000,288.009024
15904000.000000,317.003752
15906000.000000,385.433766
15908000.000000,465.063663
15910000.000000,209.772981
15912000.000000,187.503041
15914000.000000,364.175765
15916000.000000,551.343555
15918000.000000,306.604254
15920000.000000,443.070851
15922000.000000,34.796937
15924000.000000,159.224548
15926000.000000,276.054718
15928000.000000,500.061816
15930000.000000,253.855948
15932000.000000,314.883927
15934000.000000,421.754019
15936000.000000,328.247186
15938000.000000,233.332690
15940000.000000,561.399780
15942000.000000,165.983955
15944000.000000,92.150951
15946000.000000,464.021263
15948000.000000,672.797066
